Time [yr]         GMSL [mm]         1 Sigma Error [mm]
1900              -156.833895085748 25.7156775859808
1900.08333333333  -155.208766488206 25.7033335378140 
1900.16666666667  -156.042178711062 25.6909896404579 
1900.25000000000  -157.614963616641 25.7286926266998 
1900.33333333333  -158.304266519027 25.7163730535470 
1900.41666666667  -156.813239448049 25.6539588554304 
1900.50000000000  -156.935781143064 25.6917125203789 
1900.58333333333  -156.310363186666 25.6793934601228 
1900.66666666667  -157.434037097119 25.6169004130647 
1900.75000000000  -156.213701118251 25.6045575635056 
1900.83333333333  -156.781823204449 25.6424373301329 
1900.91666666667  -155.469760004959 25.6301189712376 
1901              -155.790750317975 25.5671264287966 
1901.08333333333  -155.138124129014 25.5547839958797 
1901.16666666667  -155.758005856460 25.5424417162116 
1901.25000000000  -155.959707967321 25.5300995900147 
1901.33333333333  -156.905756272430 25.5177576175115 
1901.41666666667  -156.885983766791 25.5054157989253 
1901.50000000000  -156.139290602468 25.4930741344795 
1901.58333333333  -155.336618813076 25.4799098625534 
1901.66666666667  -155.004136436862 25.4667457665321 
1901.75000000000  -155.930826983361 25.4535818466885 
1901.83333333333  -155.908217756012 25.4404181032960 
1901.91666666667  -152.375406997979 25.4772068060088 
1902              -156.720165066144 25.4640692386684 
1902.08333333333  -154.492483206424 25.4509318749394 
1902.16666666667  -155.080287245415 25.4377947151374 
1902.25000000000  -153.576036721377 25.4246577595785 
1902.33333333333  -152.809585918301 25.4115210085794 
1902.41666666667  -152.196924921133 25.3983844624576 
1902.50000000000  -153.073524513680 25.3848578172851 
1902.58333333333  -152.590149301910 25.3725424948660 
1902.66666666667  -151.012461254462 25.3602273531564 
1902.75000000000  -153.465810365219 25.3479123924197 
1902.83333333333  -151.175060212673 25.3374603780367 
1902.91666666667  -153.633248812339 25.3251466858255 
1903              -154.640201106091 25.2608718450659 
1903.08333333333  -153.078685817357 25.2485326313622 
1903.16666666667  -153.086249646269 25.2361941224694 
1903.25000000000  -152.926288339664 25.2238557726007 
1903.33333333333  -152.588335615355 25.2115175819894 
1903.41666666667  -152.475651120631 25.1991795508695 
1903.50000000000  -152.540204535810 25.1868416794754 
1903.58333333333  -153.027219268138 25.1736814596397 
1903.66666666667  -153.437227131895 25.1605214220891 
1903.75000000000  -153.018109967005 25.1473615671100 
1903.83333333333  -153.198781931326 25.1340205434150 
1903.91666666667  -151.531493201118 25.1208609594392 
1904              -152.825328843390 25.1077015587986 
1904.08333333333  -151.290533312909 25.0945423417817 
1904.16666666667  -153.729605610629 25.0813833086775 
1904.25000000000  -152.976176029083 25.0682244597757 
1904.33333333333  -150.264453316764 25.0550657953665 
1904.41666666667  -149.072937110122 25.0419073157406 
1904.50000000000  -149.556275537290 25.0287490211896 
1904.58333333333  -149.341638540612 25.0164132883932 
1904.66666666667  -149.693531447044 25.0040777187581 
1904.75000000000  -151.941562486789 24.9917423125259 
1904.83333333333  -150.571323458972 24.9794070699386 
1904.91666666667  -150.075598906798 24.9670719912387 
1905              -150.841450808815 24.9547345351185 
1905.08333333333  -146.542316235278 24.9423997836663 
1905.16666666667  -147.332339417046 24.9300651968308 
1905.25000000000  -148.323475191474 24.9177307748566 
1905.33333333333  -150.832929667610 24.9053965179885 
1905.41666666667  -149.965804461151 24.8930624264720 
1905.50000000000  -148.519665990140 24.8807285005531 
1905.58333333333  -148.938134989633 24.8683947404780 
1905.66666666667  -148.599713653361 24.8560907979726 
1905.75000000000  -148.784411576119 24.8437573850466 
1905.83333333333  -147.824609574297 24.8313944577874 
1905.91666666667  -149.223220463804 24.8190613635616 
1906              -148.694829123411 24.7962693347475 
1906.08333333333  -146.740786229110 24.7839313703726 
1906.16666666667  -148.748106187381 24.7715935684675 
1906.25000000000  -149.578624103384 24.7592559292750 
1906.33333333333  -148.510776431897 24.7469184530386 
1906.41666666667  -148.881068735161 24.7345811400019 
1906.50000000000  -148.482001515411 24.7222161089020 
1906.58333333333  -148.862639241339 24.7098791090781 
1906.66666666667  -148.657944581384 24.6975422731747 
1906.75000000000  -149.597751963413 24.6852056014377 
1906.83333333333  -147.797751452879 24.6728690941134 
1906.91666666667  -149.188083385254 24.7009611085033 
1907              -149.339709348779 24.6886451315942 
1907.08333333333  -148.169494074703 24.6763293397497 
1907.16666666667  -149.020544580236 24.6640137332469 
1907.25000000000  -146.912259222931 24.6516983123636 
1907.33333333333  -144.434779153237 24.6393830773782 
1907.41666666667  -146.804263504963 24.6271786365370 
1907.50000000000  -145.463896384386 24.6148638295219 
1907.58333333333  -145.163241628072 24.6025492092975 
1907.66666666667  -145.077993757245 24.5902347761445 
1907.75000000000  -145.342395797173 24.5779205303440 
1907.83333333333  -146.743979172857 24.5656064721778 
1907.91666666667  -144.849325722826 24.5532926019282 
1908              -145.671959889395 24.5001926273793 
1908.08333333333  -145.731483130757 24.4878643605952 
1908.16666666667  -143.088656120912 24.4755305293452 
1908.25000000000  -144.655699631956 24.4631911252129 
1908.33333333333  -144.296732852756 24.4499567023818 
1908.41666666667  -145.404173693483 24.4376229203730 
1908.50000000000  -142.631615294816 24.4252893073622 
1908.58333333333  -144.877063310870 24.4144664889877 
1908.66666666667  -144.861293388540 24.4021339782385 
1908.75000000000  -145.942468096748 24.3898016380187 
1908.83333333333  -145.592266144127 24.3774694685872 
1908.91666666667  -144.696779213371 24.3636237862585 
1909              -147.036897594528 24.3512368262525 
1909.08333333333  -145.900701592215 24.3389043758801 
1909.16666666667  -143.228031310457 24.3264312334741 
1909.25000000000  -145.553140674403 24.3140990539840 
1909.33333333333  -143.469673474802 24.3017670459772 
1909.41666666667  -143.058815978600 24.2894352097150 
1909.50000000000  -146.216583972216 24.2771035454591 
1909.58333333333  -145.521701813623 24.2647720534718 
1909.66666666667  -144.466368816740 24.2524407340157 
1909.75000000000  -146.022312878107 24.2389268061017 
1909.83333333333  -146.027601198811 24.2265952304808 
1909.91666666667  -145.422049248474 24.2530712807756 
1910              -146.153525148972 24.2424407135073 
1910.08333333333  -146.302866216400 24.2301302719964 
1910.16666666667  -144.019080053853 24.2162564571170 
1910.25000000000  -145.287735992242 24.2039456090708 
1910.33333333333  -143.773956533755 24.1916514200105 
1910.41666666667  -144.426542573150 24.1791696601161 
1910.50000000000  -143.356472541944 24.1668593160692 
1910.58333333333  -144.557515428762 24.1542947743055 
1910.66666666667  -144.538956346181 24.1419846904525 
1910.75000000000  -144.382724927764 24.1296896573403 
1910.83333333333  -142.498116038455 24.1173799719114 
1910.91666666667  -141.680773215720 24.1050704823602 
1911              -144.601146454590 24.0927343729487 
1911.08333333333  -144.877442050362 24.0804252623467 
1911.16666666667  -141.604258062805 24.0681443623919 
1911.25000000000  -142.116564203867 24.0509913434067 
1911.33333333333  -142.723158153656 24.0386430390698 
1911.41666666667  -140.529593531147 24.0265719736312 
1911.50000000000  -139.330281457595 24.0142614825874 
1911.58333333333  -139.523360674488 24.0027718676793 
1911.66666666667  -140.713786388199 23.9912824236608 
1911.75000000000  -139.207765019755 23.9797931507776 
1911.83333333333  -140.085591482638 23.9683040492756 
1911.91666666667  -139.894208552804 23.9585576857837 
1912              -139.141458518134 23.9456030081254 
1912.08333333333  -141.268656761490 23.9339051169236 
1912.16666666667  -140.066704145932 23.9224167357572 
1912.25000000000  -140.343891650818 23.9109285272403 
1912.33333333333  -141.219420242830 23.8994404916218 
1912.41666666667  -139.263374991067 23.8879526291512 
1912.50000000000  -140.848122022991 23.8390252473053 
1912.58333333333  -139.813066878990 23.8266978616773 
1912.66666666667  -140.553254527703 23.8143706560064 
1912.75000000000  -140.280344203118 23.8020436305721 
1912.83333333333  -140.885887396637 23.7897167856547 
1912.91666666667  -141.418578681188 23.8149267117241 
1913              -140.083260831811 23.8020640317480 
1913.08333333333  -141.078220858543 23.7897569012681 
1913.16666666667  -142.005192240546 23.7774499720099 
1913.25000000000  -139.970705190339 23.7278765973357 
1913.33333333333  -139.203751470042 23.7155507329767 
1913.41666666667  -139.726678597571 23.7405303946949 
1913.50000000000  -137.759956293785 23.7282242734561 
1913.58333333333  -137.691551528313 23.7159183550086 
1913.66666666667  -138.008891638790 23.7036126396681 
1913.75000000000  -139.198955727947 23.6913071277512 
1913.83333333333  -139.429407395116 23.6804878587719 
1913.91666666667  -138.228557982567 23.6681875595632 
1914              -139.659221570059 23.6528281627379 
1914.08333333333  -137.030768854631 23.6405226538249 
1914.16666666667  -136.428717804867 23.6282173490936 
1914.25000000000  -139.151125828435 23.5782144546538 
1914.33333333333  -138.144440364325 23.5658732959582 
1914.41666666667  -137.801763557162 23.5535488929196 
1914.50000000000  -137.326845104122 23.5412246750494 
1914.58333333333  -136.267746094339 23.5297222390236 
1914.66666666667  -139.126865816854 23.5182199647904 
1914.75000000000  -138.734171582444 23.5067178525875 
1914.83333333333  -138.920862769722 23.4952159026527 
1914.91666666667  -138.841766333239 23.4837141819891 
1915              -134.032293893758 23.4722125573392 
1915.08333333333  -135.829826847147 23.4607110956742 
1915.16666666667  -135.835043351932 23.4492097303711 
1915.25000000000  -137.144406011713 23.4411734350838 
1915.33333333333  -138.566328275719 23.4280016287400 
1915.41666666667  -136.326492901204 23.4165017024941 
1915.50000000000  -136.378345382993 23.4050019412902 
1915.58333333333  -135.645284695306 23.3926809519944 
1915.66666666667  -135.708433753450 23.3803601527393 
1915.75000000000  -135.750098404759 23.3680395438257 
1915.83333333333  -137.019701309936 23.3557191255547 
1915.91666666667  -137.425200675535 23.3457081782308 
1916              -140.599147438426 23.3330528252909 
1916.08333333333  -135.834170828358 23.3207343237984 
1916.16666666667  -135.459877402284 23.3084157151701 
1916.25000000000  -136.035789634324 23.2960972997880 
1916.33333333333  -135.621277397453 23.2837790779588 
1916.41666666667  -135.556691057381 23.2678316602818 
1916.50000000000  -137.627893653880 23.2555118957935 
1916.58333333333  -136.804964552301 23.2431923320656 
1916.66666666667  -138.498846956289 23.2317906917017 
1916.75000000000  -138.092982411605 23.2194721112717 
1916.83333333333  -137.714871885888 23.2071536142657 
1916.91666666667  -136.959010045362 23.1950504020026 
1917              -137.193841898609 23.1793054130302 
1917.08333333333  -137.240570079387 23.1668038176068 
1917.16666666667  -136.744351172024 23.1544842929719 
1917.25000000000  -136.892819272826 23.1419316643534 
1917.33333333333  -136.257154287456 23.1684128712310 
1917.41666666667  -136.195323739069 23.1561144456884 
1917.50000000000  -135.164061618815 23.1049744515474 
1917.58333333333  -136.780621964214 23.0926557731383 
1917.66666666667  -137.378241504039 23.0803372897074 
1917.75000000000  -135.332044324196 23.0680190015670 
1917.83333333333  -136.601110658381 23.0547024449924 
1917.91666666667  -134.208905044306 23.0423840188057 
1918              -135.752261292192 23.0300657841030 
1918.08333333333  -136.940791139333 23.0177477453836 
1918.16666666667  -135.350177850326 23.0054299029623 
1918.25000000000  -134.494596064401 22.9936451245214 
1918.33333333333  -133.638693717319 22.9813279612478 
1918.41666666667  -131.771512521962 22.9690109955224 
1918.50000000000  -131.436731102354 22.9566940446969 
1918.58333333333  -133.638645639439 22.9451985734039 
1918.66666666667  -132.375266509301 22.9337032750114 
1918.75000000000  -131.431852738739 22.9222083330212 
1918.83333333333  -133.836847263864 22.9107133813028 
1918.91666666667  -132.201750597054 22.9025357006745 
1919              -130.057118432960 22.8909143133427 
1919.08333333333  -130.756058119961 22.8794214862448 
1919.16666666667  -129.597909354765 22.8679288246204 
1919.25000000000  -133.600621195324 22.8568326902973 
1919.33333333333  -133.245278881167 22.8453405915376 
1919.41666666667  -133.476749961871 22.8334519304734 
1919.50000000000  -135.148216218233 22.8219599863113 
1919.58333333333  -132.893638232121 22.8096473858496 
1919.66666666667  -133.699171509686 22.7973349893534 
1919.75000000000  -132.391474288351 22.7832146864070 
1919.83333333333  -132.126107249917 22.7709018415488 
1919.91666666667  -133.153159844602 22.7586782257546 
1920              -133.160570244598 22.7439964314912 
1920.08333333333  -134.052046319898 22.7316082518088 
1920.16666666667  -134.491708301993 22.7192948276064 
1920.25000000000  -133.325291694362 22.7069816072877 
1920.33333333333  -131.901493236145 22.6970615705033 
1920.41666666667  -131.852441863394 22.6847500578079 
1920.50000000000  -132.557686211529 22.6724947361965 
1920.58333333333  -131.784729459848 22.6602070930699 
1920.66666666667  -132.772586736636 22.6478492190217 
1920.75000000000  -130.907038343883 22.6368717977441 
1920.83333333333  -134.345078740490 22.6245620628887 
1920.91666666667  -131.585367480405 22.6124580145995 
1921              -133.680007521083 22.5986445873979 
1921.08333333333  -134.089554640479 22.5863347721034 
1921.16666666667  -133.632613020947 22.5740251658300 
1921.25000000000  -131.496540297869 22.5617157689199 
1921.33333333333  -132.637795634279 22.5494065817158 
1921.41666666667  -132.998649453575 22.5370976045614 
1921.50000000000  -132.003790591486 22.5247888378011 
1921.58333333333  -132.060458965785 22.5133008456180 
1921.66666666667  -132.448235389383 22.5018130372934 
1921.75000000000  -133.393487781428 22.4899316533748 
1921.83333333333  -131.301161250719 22.4784440123848 
1921.91666666667  -132.953651920268 22.4669699226479 
1922              -129.139596110476 22.4553723671478 
1922.08333333333  -131.713163351940 22.4438852309126 
1922.16666666667  -130.956751886347 22.4324808225636 
1922.25000000000  -128.763774918514 22.4212643716078 
1922.33333333333  -130.673495231911 22.4096913265272 
1922.41666666667  -131.086969707024 22.3954608998640 
1922.50000000000  -131.338283428236 22.3838222205957 
1922.58333333333  -130.639908829053 22.3708657926436 
1922.66666666667  -130.875921744249 22.3584731318832 
1922.75000000000  -130.450560901914 22.3461652647416 
1922.83333333333  -130.408579400823 22.3338576110162 
1922.91666666667  -130.856899565635 22.3216727423824 
1923              -133.359016856433 22.3092717903350 
1923.08333333333  -129.285846494584 22.2969647949007 
1923.16666666667  -130.922787653564 22.2846580143164 
1923.25000000000  -130.141251834765 22.2723514489386 
1923.33333333333  -129.444806427594 22.2624671404122 
1923.41666666667  -130.478831350683 22.2502393701947 
1923.50000000000  -130.533903491667 22.2379348362424 
1923.58333333333  -130.506069722697 22.2255534110612 
1923.66666666667  -129.328441608675 22.2132492710529 
1923.75000000000  -127.641097428835 22.2009453498705 
1923.83333333333  -126.033729905811 22.1886416478777 
1923.91666666667  -128.844795332319 22.1722936979847 
1924              -126.740179146551 22.1593053157018 
1924.08333333333  -128.003457559820 22.1469996461031 
1924.16666666667  -127.888827666257 22.1346941942844 
1924.25000000000  -127.801566455288 22.1223889606093 
1924.33333333333  -129.358200055728 22.1100839454420 
1924.41666666667  -130.193228229002 22.0978359700870 
1924.50000000000  -130.423324053607 22.0855314246878 
1924.58333333333  -130.541455288042 22.0732270989285 
1924.66666666667  -130.383146344299 22.0609229931767 
1924.75000000000  -129.700952572401 22.0486191078006 
1924.83333333333  -130.037443956895 22.0363154431695 
1924.91666666667  -131.829348095801 22.0240804258960 
1925              -130.281600957640 22.0117772421114 
1925.08333333333  -128.070945482849 21.9991481129844 
1925.16666666667  -126.818390904986 21.9868451908641 
1925.25000000000  -129.782850301292 21.9745424911880 
1925.33333333333  -127.392343740047 21.9622400143297 
1925.41666666667  -128.767373221017 21.9475007226615 
1925.50000000000  -128.690939605087 21.9351973257873 
1925.58333333333  -128.703610998779 21.9595140077196 
1925.66666666667  -129.033636006348 21.9472315840798 
1925.75000000000  -126.340138686549 21.8982884712762 
1925.83333333333  -126.344717933064 21.8859859663948 
1925.91666666667  -126.427844283315 21.9103857897398 
1926              -127.539874208376 21.8980740294682 
1926.08333333333  -128.217442562873 21.8857928220586 
1926.16666666667  -126.134575913752 21.8735118625261 
1926.25000000000  -126.119219648425 21.8612311512886 
1926.33333333333  -128.048776365962 21.8521919655682 
1926.41666666667  -127.827348605477 21.8399135746926 
1926.50000000000  -128.459373571368 21.8276354353843 
1926.58333333333  -128.956073207546 21.8153575480679 
1926.66666666667  -130.105537064467 21.8029777219270 
1926.75000000000  -127.398931590588 21.7907002822958 
1926.83333333333  -128.283418111998 21.7784230958728 
1926.91666666667  -127.482047879141 21.7661461630865 
1927              -128.491199506224 21.7149074455896 
1927.08333333333  -125.459027620300 21.7026514412532 
1927.16666666667  -128.085853667130 21.6903532320368 
1927.25000000000  -128.155162711340 21.6780127461103 
1927.33333333333  -128.067352684480 21.6657149748288 
1927.41666666667  -127.216754406344 21.6534174351422 
1927.50000000000  -127.106974367510 21.6411201274454 
1927.58333333333  -126.307855543412 21.6280848895093 
1927.66666666667  -127.393021556527 21.6157876270521 
1927.75000000000  -126.666124502233 21.6042098043405 
1927.83333333333  -127.637408024025 21.5919134172950 
1927.91666666667  -125.799004989306 21.5796799130873 
1928              -126.333529967979 21.5664073865431 
1928.08333333333  -127.742314625714 21.5543264495827 
1928.16666666667  -125.622876606125 21.5420200281490 
1928.25000000000  -125.272629502452 21.5295021772577 
1928.33333333333  -123.027872573133 21.5172128974649 
1928.41666666667  -125.091001434787 21.5025876076116 
1928.50000000000  -125.662551473071 21.4902912398369 
1928.58333333333  -124.633354503352 21.4780157678321 
1928.66666666667  -124.619894885832 21.4655982688028 
1928.75000000000  -125.447010140270 21.4532759372794 
1928.83333333333  -125.018904409157 21.4411081237190 
1928.91666666667  -125.238354746052 21.4288169734087 
1929              -120.972176583667 21.4155921959134 
1929.08333333333  -121.209859732172 21.4032969505090 
1929.16666666667  -124.001645792194 21.3910019424446 
1929.25000000000  -122.790273716308 21.3787071721297 
1929.33333333333  -122.584164558309 21.3685086891366 
1929.41666666667  -123.798506271274 21.3562156022013 
1929.50000000000  -122.727850350386 21.3439227556161 
1929.58333333333  -122.447176028015 21.3308106513126 
1929.66666666667  -124.089345818304 21.3176988214523 
1929.75000000000  -123.201209853419 21.3046208883465 
1929.83333333333  -123.138279831974 21.2915096295984 
1929.91666666667  -124.039732808920 21.2783986468424 
1930              -124.790110098502 21.2608372892065 
1930.08333333333  -120.959061004833 21.2477241137937 
1930.16666666667  -122.075472014340 21.2346112125752 
1930.25000000000  -121.908985786828 21.2215121322316 
1930.33333333333  -121.397080012130 21.2083997893027 
1930.41666666667  -123.641652252469 21.1952877221069 
1930.50000000000  -120.577241516064 21.1821759311562 
1930.58333333333  -120.732209031151 21.1700094506481 
1930.66666666667  -119.418592538348 21.1577177145960 
1930.75000000000  -122.112644583473 21.1443198847750 
1930.83333333333  -120.965492168608 21.1320279940117 
1930.91666666667  -119.661887681041 21.1197363475421 
1931              -120.134483578570 21.1061821985473 
1931.08333333333  -119.912355930557 21.0938903061591 
1931.16666666667  -121.460001417512 21.0817490778971 
1931.25000000000  -121.027906280160 21.0694577631560 
1931.33333333333  -122.578169046818 21.0571666941072 
1931.41666666667  -121.457859239475 21.0445279770762 
1931.50000000000  -122.390672387364 21.0303617617176 
1931.58333333333  -121.509226101433 21.0180701321200 
1931.66666666667  -121.565754332989 21.0057787484471 
1931.75000000000  -122.892843368210 20.9934876111311 
1931.83333333333  -122.364905077289 20.9811967206047 
1931.91666666667  -123.679948912148 20.9689062521123 
1932              -122.972569994368 20.9572477821721 
1932.08333333333  -119.964255471735 20.9451514027554 
1932.16666666667  -119.654529945755 20.9322068858069 
1932.25000000000  -119.590533637650 20.9199173363620 
1932.33333333333  -119.545478759098 20.9074567597275 
1932.41666666667  -119.539368957950 20.8982381135609 
1932.50000000000  -119.860905971366 20.8859510197905 
1932.58333333333  -121.387695683604 20.8736389845570 
1932.66666666667  -120.982512270846 20.8613523820393 
1932.75000000000  -119.197447139703 20.8490660332212 
1932.83333333333  -120.771045649286 20.8363054845568 
1932.91666666667  -120.444225414711 20.8239819948292 
1933              -120.056199399624 20.8115828242572 
1933.08333333333  -117.363407154773 20.7995143663218 
1933.16666666667  -117.595127816568 20.7872290511464 
1933.25000000000  -117.819133354711 20.7749439920984 
1933.33333333333  -118.895272910266 20.7624415628538 
1933.41666666667  -119.744425351376 20.7501568885856 
1933.50000000000  -120.019191912992 20.7378724716621 
1933.58333333333  -120.343375455383 20.7247693777767 
1933.66666666667  -117.509224090996 20.7117505013011 
1933.75000000000  -119.349391246397 20.6986510637663 
1933.83333333333  -119.333289708119 20.6855489082918 
1933.91666666667  -119.793260876242 20.6726183972237 
1934              -119.078766392126 20.6595169422260 
1934.08333333333  -118.660205510569 20.6464157841153 
1934.16666666667  -116.201640793024 20.6333149234573 
1934.25000000000  -117.891672402337 20.6202143608189 
1934.33333333333  -119.223150876156 20.6071140967685 
1934.41666666667  -116.425860661054 20.5940141318758 
1934.50000000000  -116.943159810158 20.5809144667122 
1934.58333333333  -116.666041596016 20.5690811377573 
1934.66666666667  -114.658293758686 20.5568010060331 
1934.75000000000  -116.489315368468 20.5445211395068 
1934.83333333333  -115.056962150895 20.5322415386543 
1934.91666666667  -115.343159869765 20.5193683168116 
1935              -115.886662476457 20.5069553321583 
1935.08333333333  -116.072113872743 20.4946760951505 
1935.16666666667  -114.666011737388 20.4823971252179 
1935.25000000000  -112.179175551883 20.4701184228410 
1935.33333333333  -113.572438407846 20.4576277385882 
1935.41666666667  -113.662253768494 20.4454155003050 
1935.50000000000  -114.480324195242 20.4331375155680 
1935.58333333333  -113.699779464165 20.4208598002168 
1935.66666666667  -112.761562190781 20.4085823547377 
1935.75000000000  -112.767722627397 20.3970000433660 
1935.83333333333  -112.186284469529 20.3840275335615 
1935.91666666667  -110.484710732812 20.3710620142054 
1936              -110.425810975399 20.3583677629627 
1936.08333333333  -109.000685138718 20.3460910059411 
1936.16666666667  -112.902816515598 20.3338145209412 
1936.25000000000  -113.487184515237 20.3215386085084 
1936.33333333333  -112.796484859727 20.3092623689793 
1936.41666666667  -112.865884048966 20.2969867030069 
1936.50000000000  -111.999351484698 20.2847113110352 
1936.58333333333  -111.376952705507 20.2716178621692 
1936.66666666667  -112.286023203808 20.2585247262270 
1936.75000000000  -111.328363631132 20.2454319038157 
1936.83333333333  -110.984263221376 20.2323394026292 
1936.91666666667  -113.212030036130 20.2192472091120 
1937              -112.219817163557 20.2052878389447 
1937.08333333333  -110.828421055245 20.1921957143278 
1937.16666666667  -107.294455998800 20.1791039055847 
1937.25000000000  -111.159646649444 20.1653930440522 
1937.33333333333  -110.467307326071 20.1528651934889 
1937.41666666667  -111.630307445121 20.1397742996358 
1937.50000000000  -109.971746186223 20.1266837240803 
1937.58333333333  -111.434351686239 20.1144115991286 
1937.66666666667  -111.170161077542 20.1027959053783 
1937.75000000000  -109.712771140626 20.0905247434119 
1937.83333333333  -110.366646486691 20.0775969518985 
1937.91666666667  -106.869513514677 20.0654896863512 
1938              -110.505912790264 20.0480826568422 
1938.08333333333  -107.959324687391 20.0358091792065 
1938.16666666667  -110.039307017857 20.0241240965736 
1938.25000000000  -106.997716625059 20.0118515406491 
1938.33333333333  -107.251222503723 19.9995778705739 
1938.41666666667  -106.891684585599 19.9873058777603 
1938.50000000000  -109.684890277355 19.9750341677092 
1938.58333333333  -109.366409109927 19.9612849140173 
1938.66666666667  -108.237356283836 19.9481952922708 
1938.75000000000  -107.871586238804 19.9350694755123 
1938.83333333333  -107.962678472780 19.9227284523281 
1938.91666666667  -105.985193059066 19.9096736395802 
1939              -104.774788796489 19.8958112045391 
1939.08333333333  -108.516602934083 19.8827231853296 
1939.16666666667  -106.223628230375 19.8696267109340 
1939.25000000000  -105.828144165221 19.8565393389873 
1939.33333333333  -105.392619082183 19.8434522945277 
1939.41666666667  -105.396686150972 19.8303665986775 
1939.50000000000  -104.333334197490 19.8172802118126 
1939.58333333333  -105.619321455621 19.8041941543859 
1939.66666666667  -105.851072157755 19.7911074045524 
1939.75000000000  -103.935896913013 19.7780230304624 
1939.83333333333  -102.942608859048 19.7649379652778 
1939.91666666667  -103.451504970206 19.7533593628030 
1940              -102.236191048794 19.7392937828328 
1940.08333333333  -105.651617455374 19.7262100640094 
1940.16666666667  -103.570957541502 19.7131266796880 
1940.25000000000  -104.552311551253 19.7000436305350 
1940.33333333333  -103.947220586033 19.6869609172186 
1940.41666666667  -103.447028569196 19.6738690801983 
1940.50000000000  -103.662169504718 19.6607870342722 
1940.58333333333  -104.447719920735 19.6484796939652 
1940.66666666667  -102.448953309739 19.6362158532177 
1940.75000000000  -101.889942861208 19.6246228839419 
1940.83333333333  -103.658290095334 19.6103787181472 
1940.91666666667  -99.0937371337503 19.5980962920054 
1941              -100.346801275662 19.5856520149155 
1941.08333333333  -100.718882468260 19.5733677525579 
1941.16666666667  -100.133143502009 19.5610932694920 
1941.25000000000  -99.9721485611724 19.5483617183674 
1941.33333333333  -101.745121614663 19.5360999646041 
1941.41666666667  -102.137828417979 19.5229220214576 
1941.50000000000  -100.708643480398 19.5106593431877 
1941.58333333333  -101.414304833198 19.4975720259553 
1941.66666666667  -100.928135474646 19.4845209191927 
1941.75000000000  -100.343048377666 19.4720974094762 
1941.83333333333  -101.746906193231 19.4594397756946 
1941.91666666667  -99.8913375105106 19.4479969790937 
1942              -97.4161777454213 19.4702998535071 
1942.08333333333  -97.1961342003142 19.4579175744196 
1942.16666666667  -98.7428797261558 19.4452844227655 
1942.25000000000  -99.2504960752426 19.4298768145794 
1942.33333333333  -99.2372059625307 19.4167611516057 
1942.41666666667  -97.9924761337472 19.4037096183136 
1942.50000000000  -100.236229451063 19.3914117231255 
1942.58333333333  -99.8794320083457 19.3783612998387 
1942.66666666667  -100.742191958609 19.3652940629930 
1942.75000000000  -98.4687175003455 19.3522445649529 
1942.83333333333  -99.3795468715735 19.3067049032122 
1942.91666666667  -102.022676321219 19.3294225165854 
1943              -99.1111529724852 19.3126293212222 
1943.08333333333  -103.907903013901 19.2641959922794 
1943.16666666667  -100.571240457081 19.2507959649330 
1943.25000000000  -100.520030778462 19.2377242461880 
1943.33333333333  -98.8999719310980 19.2245778031932 
1943.41666666667  -96.6973417743353 19.2128624666292 
1943.50000000000  -96.4318635428683 19.1997734972354 
1943.58333333333  -97.2582521008364 19.1867061850817 
1943.66666666667  -96.4021770751154 19.1722931846989 
1943.75000000000  -97.4881089203370 19.1592298585109 
1943.83333333333  -96.0882096240161 19.1461606216242 
1943.91666666667  -95.9561164916500 19.1332228416447 
1944              -97.3245407406681 19.1089105598108 
1944.08333333333  -97.1732279826662 19.0958348135737 
1944.16666666667  -96.2032765975735 19.0822876955714 
1944.25000000000  -96.0411797539135 19.0691315684837 
1944.33333333333  -95.5515192354445 19.0560565145901 
1944.41666666667  -96.2394555470297 19.0429787376337 
1944.50000000000  -93.9483913919860 19.0299074820699 
1944.58333333333  -96.5582966589999 19.0176506179429 
1944.66666666667  -95.6425313930009 19.0051648996906 
1944.75000000000  -96.3331639537002 18.9931207669603 
1944.83333333333  -94.8485776079049 18.9809028493135 
1944.91666666667  -95.7860633328240 18.9679530475080 
1945              -91.9940591964251 18.9539208868456 
1945.08333333333  -96.7487755504631 18.9416643470103 
1945.16666666667  -97.4478821165165 18.9293161520025 
1945.25000000000  -94.0202893635658 18.9171221199639 
1945.33333333333  -95.7423653767120 18.9048665176887 
1945.41666666667  -95.1667725568627 18.8927247598740 
1945.50000000000  -93.4905489379144 18.8779411794357 
1945.58333333333  -93.3277434422338 18.8651958918286 
1945.66666666667  -92.1115144000574 18.8521232058991 
1945.75000000000  -94.4903019636273 18.8389980416709 
1945.83333333333  -93.1142760027471 18.8250104793509 
1945.91666666667  -91.7619534039853 18.8120590038121 
1946              -93.4985564779031 18.7985087623804 
1946.08333333333  -92.2605280883884 18.7850639671603 
1946.16666666667  -92.2070537035918 18.7721121368610 
1946.25000000000  -91.6306609874357 18.7606763965458 
1946.33333333333  -89.4226938503863 18.7474440634006 
1946.41666666667  -90.1553654355409 18.7248220969964 
1946.50000000000  -89.5374662481155 18.7094250884876 
1946.58333333333  -89.5819557100945 18.6965986495720 
1946.66666666667  -90.0436222230343 18.6840287073590 
1946.75000000000  -90.2998749160588 18.6706954259022 
1946.83333333333  -89.2105568096984 18.6581536809712 
1946.91666666667  -87.6127871607025 18.6437120476565 
1947              -89.6777173688021 18.6240175463305 
1947.08333333333  -86.8461167386274 18.6109378415974 
1947.16666666667  -90.3479499229844 18.5979072941631 
1947.25000000000  -90.0321015856553 18.5961305594038 
1947.33333333333  -89.8445609078086 18.5809680364233 
1947.41666666667  -88.6424404169628 18.5575938575041 
1947.50000000000  -90.0699470372712 18.5450513960112 
1947.58333333333  -89.6364137754451 18.5327947858363 
1947.66666666667  -91.4537729693409 18.5192454210574 
1947.75000000000  -88.6503534725744 18.5055829743474 
1947.83333333333  -84.8887928673456 18.4920797569143 
1947.91666666667  -87.3289808745398 18.4903435973521 
1948              -89.9563142320611 18.4759043542602 
1948.08333333333  -90.3105446588902 18.4437151615269 
1948.16666666667  -91.1178837139893 18.4494452374358 
1948.25000000000  -90.1587604944353 18.4359745554607 
1948.33333333333  -87.3120320699796 18.4222341053073 
1948.41666666667  -86.7162309740501 18.3972759625328 
1948.50000000000  -86.0311872787276 18.3841993315948 
1948.58333333333  -85.0279179181103 18.3712356217560 
1948.66666666667  -86.5889637489421 18.3581598098342 
1948.75000000000  -87.9768889955476 18.3532180491716 
1948.83333333333  -86.4984929025117 18.3211852292968 
1948.91666666667  -87.2915076898939 18.3268158837698 
1949              -86.9719404299699 18.3045163240430 
1949.08333333333  -86.8796337149402 18.2914414130835 
1949.16666666667  -86.5856949499873 18.2783088992700 
1949.25000000000  -87.7539500140047 18.2745750261021 
1949.33333333333  -85.3726331642904 18.2618512609662 
1949.41666666667  -84.3961605443276 18.2500238598418 
1949.50000000000  -86.2078953948429 18.2275923878844 
1949.58333333333  -86.8678438368182 18.2150045226283 
1949.66666666667  -86.3123616557121 18.2009191413609 
1949.75000000000  -85.3523037386898 18.1733885274028 
1949.83333333333  -84.1154130796077 18.1741563548083 
1949.91666666667  -85.4720214518268 18.1865513363971 
1950              -86.2798800200450 18.1641915938717 
1950.08333333333  -87.1248950240285 18.1137560200391 
1950.16666666667  -85.8120372890145 18.1007450628171 
1950.25000000000  -85.2090344137442 18.0876604545195 
1950.33333333333  -84.5561745355736 18.0741984381318 
1950.41666666667  -84.8048195469039 18.0745554905388 
1950.50000000000  -84.5360612639595 18.0614814380250 
1950.58333333333  -85.1659152775566 18.0480544443907 
1950.66666666667  -84.3240695279852 18.0444248669735 
1950.75000000000  -85.2481058222198 18.0313585456580 
1950.83333333333  -84.3234631764526 17.9953144030697 
1950.91666666667  -83.0147975459891 17.9822321695239 
1951              -86.1488578815418 17.9640716894323 
1951.08333333333  -85.4422462638366 17.9660506742343 
1951.16666666667  -85.0347815572590 17.9527105794213 
1951.25000000000  -83.9418923103443 17.9257353340320 
1951.33333333333  -83.8525046162457 17.9260840676998 
1951.41666666667  -83.8420546727337 17.9125382883931 
1951.50000000000  -83.3533010135278 17.8941736245214 
1951.58333333333  -83.3784434140421 17.8811881503927 
1951.66666666667  -82.4547648872692 17.8686308124368 
1951.75000000000  -82.3966415614356 17.8563713660186 
1951.83333333333  -82.2174029036052 17.8312076638291 
1951.91666666667  -83.7892646360974 17.8428676266458 
1952              -81.1083741274249 17.8270748284023 
1952.08333333333  -81.9067489723476 17.8189417810146 
1952.16666666667  -80.1115689475456 17.8149448367781 
1952.25000000000  -82.0124297383284 17.8054576816827 
1952.33333333333  -83.9871428355414 17.7848308015423 
1952.41666666667  -82.8013265130890 17.7731522147572 
1952.50000000000  -81.9846815685055 17.7604796348818 
1952.58333333333  -82.1811767624239 17.7430438165311 
1952.66666666667  -80.1887036204871 17.7221385574762 
1952.75000000000  -81.1923677498244 17.7087887290524 
1952.83333333333  -78.4616481834578 17.6839125895072 
1952.91666666667  -79.1668452211653 17.6713817648588 
1953              -80.2599630919638 17.6550610492072 
1953.08333333333  -80.6835030266375 17.6530021158924 
1953.16666666667  -82.8587561639671 17.6387592579366 
1953.25000000000  -80.9731659459191 17.6226226216787 
1953.33333333333  -80.9556909206736 17.6095370732743 
1953.41666666667  -81.5968744963383 17.5890758838271 
1953.50000000000  -81.1565639511649 17.5843408623855 
1953.58333333333  -81.4343237232029 17.5892625659717 
1953.66666666667  -81.1838949089093 17.5757726974231 
1953.75000000000  -80.4396305702467 17.5425390140221 
1953.83333333333  -80.0814041951947 17.5307778479427 
1953.91666666667  -82.1394793735941 17.5162534451294 
1954              -79.7774957469740 17.5000342659360 
1954.08333333333  -79.2938476402411 17.4867449249072 
1954.16666666667  -80.3552186739476 17.4744840215317 
1954.25000000000  -81.3864147571889 17.4624204200816 
1954.33333333333  -78.2232794058073 17.4500040738057 
1954.41666666667  -79.3588141841029 17.4373262725748 
1954.50000000000  -81.9579584379128 17.4243551734665 
1954.58333333333  -80.7430674838669 17.4117752273667 
1954.66666666667  -80.8842286491535 17.3986987033037 
1954.75000000000  -79.9659369174170 17.3856225693501 
1954.83333333333  -80.1587535027668 17.3743226496483 
1954.91666666667  -81.3634139446445 17.3612513573769 
1955              -80.2986530805947 17.3447185251541 
1955.08333333333  -78.8709989928560 17.3315356130119 
1955.16666666667  -78.9124229825301 17.3185446606351 
1955.25000000000  -81.8598096977690 17.3065068249111 
1955.33333333333  -79.8679490174551 17.2936835773394 
1955.41666666667  -78.0135280520357 17.2801707632910 
1955.50000000000  -79.9141662553876 17.2673105206648 
1955.58333333333  -81.3190386441193 17.2539280214012 
1955.66666666667  -81.7604748380079 17.2366730568464 
1955.75000000000  -81.4939878089203 17.2238510313606 
1955.83333333333  -80.6163291565055 17.2107763371755 
1955.91666666667  -80.7173872693905 17.1977582979594 
1956              -79.4392868771407 17.1835271560809 
1956.08333333333  -78.2072309930812 17.1707220326313 
1956.16666666667  -81.1973459696973 17.1576482981174 
1956.25000000000  -78.0197417367580 17.1443970515365 
1956.33333333333  -79.6218729066461 17.1287570591398 
1956.41666666667  -80.3398210330876 17.1167054898451 
1956.50000000000  -77.6676700186344 17.1031225089977 
1956.58333333333  -77.3170856733473 17.0904681166262 
1956.66666666667  -78.9403585707531 17.0773954038299 
1956.75000000000  -79.2379971845290 17.0678321255568 
1956.83333333333  -77.3882851265085 17.0548848252248 
1956.91666666667  -77.4912130487393 17.0443223795766 
1957              -80.3561106413415 17.0303141744969 
1957.08333333333  -74.4403637005970 17.0157467213783 
1957.16666666667  -76.0724352116188 17.0021195271945 
1957.25000000000  -76.9587826292320 16.9890520818330 
1957.33333333333  -76.9880180122837 16.9759850499761 
1957.41666666667  -74.9417774330002 16.9634314297097 
1957.50000000000  -77.5485742596404 16.9434449266552 
1957.58333333333  -75.8176938935408 16.9303486253475 
1957.66666666667  -72.9858838849044 16.9172782851085 
1957.75000000000  -77.0211083508712 16.9050509903620 
1957.83333333333  -73.5891676760541 16.8911177843830 
1957.91666666667  -75.7112988648250 16.8777430156570 
1958              -75.2103024785458 16.8637505546980 
1958.08333333333  -76.2181731706249 16.8489855277763 
1958.16666666667  -75.2304314451974 16.8359206543148 
1958.25000000000  -78.9795009408825 16.8232632513240 
1958.33333333333  -75.1447776759030 16.8113308218730 
1958.41666666667  -76.5592294350873 16.7982261167271 
1958.50000000000  -75.9390079989440 16.7849336268068 
1958.58333333333  -77.8149935809937 16.7705837404396 
1958.66666666667  -76.9651398213865 16.7584125754999 
1958.75000000000  -76.3879067094771 16.7449701882514 
1958.83333333333  -75.8219824845977 16.7302181876680 
1958.91666666667  -74.1115850084086 16.7166395448463 
1959              -73.4155010876374 16.6999732232457 
1959.08333333333  -79.6215302656446 16.6865442904327 
1959.16666666667  -80.2304232325430 16.6726628778940 
1959.25000000000  -75.2460569324114 16.6590332617132 
1959.33333333333  -76.2857464003053 16.6451530205035 
1959.41666666667  -76.5995135491139 16.6306915995429 
1959.50000000000  -74.7589521141545 16.6168118397603 
1959.58333333333  -75.1043044152731 16.6043315857433 
1959.66666666667  -74.2622745280760 16.5879127016933 
1959.75000000000  -73.4217329545844 16.5749306869138 
1959.83333333333  -75.1129196444514 16.5618685010788 
1959.91666666667  -75.7950333622091 16.5496137318198 
1960              -74.2741222763617 16.5371900368854 
1960.08333333333  -76.5989458361691 16.5240268174312 
1960.16666666667  -75.8603025880779 16.5110328821467 
1960.25000000000  -76.9798824225731 16.4990187373346 
1960.33333333333  -75.9736936138419 16.4859672293784 
1960.41666666667  -75.2585257017663 16.4718474584861 
1960.50000000000  -76.6673182871105 16.4578228167314 
1960.58333333333  -74.8044435751155 16.4447633907586 
1960.66666666667  -75.8744986452021 16.4319832009758 
1960.75000000000  -75.8258807323511 16.4222508452326 
1960.83333333333  -77.1381352309403 16.4084313022755 
1960.91666666667  -75.7842652883873 16.3922314305101 
1961              -74.9713626996113 16.3777816257226 
1961.08333333333  -77.3809853010348 16.3637430552588 
1961.16666666667  -75.2742199405816 16.3506875873832 
1961.25000000000  -76.1439585896575 16.3376295751790 
1961.33333333333  -77.8247550708638 16.3247127827677 
1961.41666666667  -77.4281970266601 16.3110353942213 
1961.50000000000  -76.2809507130251 16.2984652534786 
1961.58333333333  -75.9668157013880 16.2851785830963 
1961.66666666667  -77.0158822042714 16.2722159345068 
1961.75000000000  -76.7933604857462 16.2610522810559 
1961.83333333333  -78.0003219174592 16.2492678796726 
1961.91666666667  -76.3587338985047 16.2348162503527 
1962              -78.3068477152743 16.2155639301303 
1962.08333333333  -76.1660563782715 16.2084721637320 
1962.16666666667  -75.4456413548565 16.1955893831911 
1962.25000000000  -77.8990536610715 16.1735947701359 
1962.33333333333  -76.9587558398640 16.1603160227319 
1962.41666666667  -76.3053656245474 16.1465299088400 
1962.50000000000  -75.1630413071959 16.1328285994076 
1962.58333333333  -77.0218695823253 16.1216333241952 
1962.66666666667  -76.1391774856529 16.1142297089153 
1962.75000000000  -77.5990118875745 16.0985618505693 
1962.83333333333  -75.3708672569868 16.0855727252530 
1962.91666666667  -75.2359627864398 16.0717265204178 
1963              -74.6789642208458 16.0499125323920 
1963.08333333333  -75.9943056126009 16.0377966758986 
1963.16666666667  -77.3636582132781 16.0248192600894 
1963.25000000000  -78.2004068602442 16.0091460332877 
1963.33333333333  -79.2952329665074 15.9947874430356 
1963.41666666667  -74.6279249412684 15.9809190369189 
1963.50000000000  -76.9025005199828 15.9666376662877 
1963.58333333333  -74.9360551376925 15.9545384381047 
1963.66666666667  -74.8582667142700 15.9415073377619 
1963.75000000000  -75.4513388427875 15.9279963629383 
1963.83333333333  -74.5646470476171 15.9135406348471 
1963.91666666667  -75.3941244343472 15.9000261717292 
1964              -76.5101736983108 15.8824573300628 
1964.08333333333  -77.0576201878884 15.8703459767135 
1964.16666666667  -77.5189096199347 15.8561215461955 
1964.25000000000  -76.5860640213654 15.8421964041552 
1964.33333333333  -76.8708695187103 15.8309190072541 
1964.41666666667  -76.3681645514165 15.8169034329149 
1964.50000000000  -77.4545457292859 15.7971800508640 
1964.58333333333  -75.4620678945716 15.7838307755334 
1964.66666666667  -77.0977850610622 15.7707595959967 
1964.75000000000  -76.4613783011735 15.7580016484851 
1964.83333333333  -75.4998191623545 15.7460844820406 
1964.91666666667  -74.2445314484202 15.7335554889366 
1965              -74.2849357871027 15.7183279683385 
1965.08333333333  -73.9132860526073 15.7052818683619 
1965.16666666667  -75.4723103929768 15.7068584663701 
1965.25000000000  -75.9252696943789 15.6939775059685 
1965.33333333333  -74.2750629310373 15.6745155736107 
1965.41666666667  -73.7931484886718 15.6605261586843 
1965.50000000000  -72.7015351316532 15.6477580695927 
1965.58333333333  -72.7358762801968 15.6312414029425 
1965.66666666667  -70.0971738940368 15.6095890841492 
1965.75000000000  -73.1450227503281 15.5956596044913 
1965.83333333333  -68.9841046791045 15.5651157725285 
1965.91666666667  -69.4625697206577 15.5515428233876 
1966              -71.6369570129419 15.5326074327448 
1966.08333333333  -72.8896433346548 15.5194966222211 
1966.16666666667  -71.8308554234330 15.5152671473655 
1966.25000000000  -69.4710585926823 15.5024908778213 
1966.33333333333  -72.5443669280532 15.4797590038782 
1966.41666666667  -73.9427045937142 15.4677737048694 
1966.50000000000  -73.6471484044405 15.4526387843831 
1966.58333333333  -73.2475351262740 15.4350661462906 
1966.66666666667  -74.1923464979421 15.4192619344256 
1966.75000000000  -72.8167232000548 15.4160013801651 
1966.83333333333  -73.3993177113858 15.4013074309802 
1966.91666666667  -73.0518238333290 15.3865986265624 
1967              -74.7957864394751 15.3698595289219 
1967.08333333333  -76.9946080231829 15.3483917534658 
1967.16666666667  -77.1171804354693 15.3295658838617 
1967.25000000000  -76.8892875999519 15.3148788825657 
1967.33333333333  -74.1442456302638 15.2994354826666 
1967.41666666667  -72.6186263866212 15.2849241892212 
1967.50000000000  -72.5444203316862 15.2702131750243 
1967.58333333333  -72.0853147404088 15.2558704686832 
1967.66666666667  -72.5635361326833 15.2416760300111 
1967.75000000000  -75.2977887462372 15.2292781251919 
1967.83333333333  -76.3178341215237 15.2160918603846 
1967.91666666667  -72.9469144794620 15.2025388659659 
1968              -73.0297317012573 15.1923419844309 
1968.08333333333  -71.5831773655071 15.1807384474663 
1968.16666666667  -75.3724432598698 15.1674069604037 
1968.25000000000  -72.5193220997331 15.1501995068529 
1968.33333333333  -72.7670393067013 15.1383677943927 
1968.41666666667  -74.6721021299614 15.1242999288797 
1968.50000000000  -73.1043461502021 15.1072063241642 
1968.58333333333  -71.4659021646259 15.0951535464451 
1968.66666666667  -69.4716554775942 15.0812962310081 
1968.75000000000  -72.3818365607837 15.0648947737428 
1968.83333333333  -71.4871610811542 15.0520582090685 
1968.91666666667  -72.0323380700351 15.0422198079705 
1969              -68.6396523669230 15.0239330947193 
1969.08333333333  -67.1578615942637 15.0101155016473 
1969.16666666667  -70.0592990591632 14.9963250420625 
1969.25000000000  -70.6926447127178 14.9825601875415 
1969.33333333333  -69.5536277313209 14.9668664568555 
1969.41666666667  -70.5143244234084 14.9487041276558 
1969.50000000000  -71.2615523327761 14.9391556226928 
1969.58333333333  -71.8736432066198 14.9242489452972 
1969.66666666667  -69.6447362785114 14.9062839414316 
1969.75000000000  -70.0423239637767 14.8982597935161 
1969.83333333333  -70.1590918024210 14.8838336700792 
1969.91666666667  -68.3030627293733 14.8697070329338 
1970              -69.3388625165998 14.8462992853636 
1970.08333333333  -69.0039513820158 14.8272784491599 
1970.16666666667  -67.8079276964258 14.8098749578868 
1970.25000000000  -72.0056301962438 14.7967587539549 
1970.33333333333  -71.1897563630313 14.7819841978688 
1970.41666666667  -71.8429253272366 14.7732279715722 
1970.50000000000  -71.2208523775613 14.7586558044188 
1970.58333333333  -71.2985305596768 14.7405765126158 
1970.66666666667  -73.1786223127435 14.7267179037577 
1970.75000000000  -71.7709869250784 14.7116908682449 
1970.83333333333  -71.9487582411038 14.6941765181884 
1970.91666666667  -73.0702338430934 14.6799693630874 
1971              -71.7539073523099 14.6665004918351 
1971.08333333333  -70.1955860120833 14.6491148523481 
1971.16666666667  -73.3198556647113 14.6338590943475 
1971.25000000000  -70.6083802076101 14.6220165484560 
1971.33333333333  -70.5993315387450 14.6075668113575 
1971.41666666667  -70.9215011633230 14.5900583902934 
1971.50000000000  -68.0547004601277 14.5758729292289 
1971.58333333333  -69.9311084315453 14.5612086958986 
1971.66666666667  -70.8372245858755 14.5468384267148 
1971.75000000000  -70.6647105900434 14.5318107592422 
1971.83333333333  -71.2745248328031 14.5165494733951 
1971.91666666667  -70.7435044895373 14.5015111815724 
1972              -70.2255025834833 14.4874010268273 
1972.08333333333  -71.1412600871881 14.4781900857846 
1972.16666666667  -69.6218371336850 14.4638379460623 
1972.25000000000  -70.1447942405273 14.4416380313387 
1972.33333333333  -68.8210496862620 14.4268298001234 
1972.41666666667  -67.4935354165476 14.4124678074783 
1972.50000000000  -68.1053082199968 14.3953628555577 
1972.58333333333  -68.1895910828671 14.3809860165255 
1972.66666666667  -68.8944106906412 14.3693640620159 
1972.75000000000  -68.0346190803872 14.3528824522704 
1972.83333333333  -66.6290776771165 14.3395239655019 
1972.91666666667  -68.2281589569965 14.3275722937768 
1973              -69.7313417711061 14.3074522625430 
1973.08333333333  -66.4297118670035 14.2925730973699 
1973.16666666667  -68.3430773605174 14.2758891699639 
1973.25000000000  -66.0224949899480 14.2598700809862 
1973.33333333333  -69.1991746312942 14.2477434789795 
1973.41666666667  -70.1289099722183 14.2329419151689 
1973.50000000000  -69.7275297719806 14.2193747804745 
1973.58333333333  -69.3750968988068 14.2058835367056 
1973.66666666667  -69.9500579921203 14.1908743776297 
1973.75000000000  -68.1878355316163 14.1783733776989 
1973.83333333333  -68.8306309490284 14.1647422586385 
1973.91666666667  -67.3792101698932 14.1491446822856 
1974              -69.2319136622160 14.1349442536052 
1974.08333333333  -67.7431421115944 14.1150775228825 
1974.16666666667  -71.4520251441437 14.0980038156671 
1974.25000000000  -67.4758344340575 14.0894133030349 
1974.33333333333  -67.2207072090514 14.0716751142310 
1974.41666666667  -66.7940556774639 14.0582543185385 
1974.50000000000  -69.6776803166158 14.0408896235839 
1974.58333333333  -69.0496802036914 14.0219802707308 
1974.66666666667  -69.6936619884780 14.0051505668689 
1974.75000000000  -65.8784550339083 13.9906193836000 
1974.83333333333  -66.5864214543252 13.9777721568763 
1974.91666666667  -68.7433193444399 13.9772478880362 
1975              -68.2027540378773 13.9606845830053 
1975.08333333333  -67.0884838162094 13.9420320581084 
1975.16666666667  -67.7907197775154 13.9249280250548 
1975.25000000000  -67.4193275180776 13.9023121332860 
1975.33333333333  -65.7152281412241 13.8862407816187 
1975.41666666667  -65.2450007225067 13.8744213243278 
1975.50000000000  -67.6385576227729 13.8514932301277 
1975.58333333333  -67.0018760499582 13.8367656657208 
1975.66666666667  -68.1364423126460 13.8200467174741 
1975.75000000000  -68.2542374281040 13.8035127884892 
1975.83333333333  -67.2499618084385 13.7894617196017 
1975.91666666667  -68.8944893018754 13.7780475796605 
1976              -68.4485146612236 13.7641843523307 
1976.08333333333  -69.4883758671606 13.7511735341354 
1976.16666666667  -67.4553946311285 13.7366190089884 
1976.25000000000  -64.6905153988948 13.7164695576632 
1976.33333333333  -63.9855640544450 13.7047096862158 
1976.41666666667  -65.0161623364883 13.7016031923411 
1976.50000000000  -65.4298360020493 13.6804247713547 
1976.58333333333  -65.4780077329558 13.6664523864511 
1976.66666666667  -61.5794188298336 13.6467951173689 
1976.75000000000  -62.4077009059469 13.6312679644976 
1976.83333333333  -63.4220966193312 13.6145590375452 
1976.91666666667  -61.9283640210483 13.6039643894507 
1977              -61.2197136000130 13.5899246011878 
1977.08333333333  -62.2897592780591 13.5711728406968 
1977.16666666667  -64.7676436302251 13.5508146213704 
1977.25000000000  -65.8400089150513 13.5347108694987 
1977.33333333333  -64.9890240607868 13.5204520471530 
1977.41666666667  -64.9002717936770 13.5044202144996 
1977.50000000000  -63.7231645685461 13.4919513615286 
1977.58333333333  -61.1167856518584 13.4790184951988 
1977.66666666667  -63.4150109859833 13.4554092003078 
1977.75000000000  -62.9704566651899 13.4428271833762 
1977.83333333333  -61.9809289109950 13.4172484930798 
1977.91666666667  -62.6178007658755 13.4060729976913 
1978              -61.3434909081884 13.3906260118692 
1978.08333333333  -58.8516126547587 13.3774898412339 
1978.16666666667  -60.6023896467563 13.3626725392439 
1978.25000000000  -60.5792319653200 13.3362436406407 
1978.33333333333  -60.5740848632376 13.3195541768122 
1978.41666666667  -62.1888611329906 13.3045001747164 
1978.50000000000  -61.2656754438264 13.2888452081466 
1978.58333333333  -63.1348612166067 13.2714176735727 
1978.66666666667  -63.0688383428585 13.2590093812302 
1978.75000000000  -61.9717212674841 13.2435691160917 
1978.83333333333  -64.2400371007099 13.2312115160460 
1978.91666666667  -60.8938037718961 13.2186376307135 
1979              -60.1693062644787 13.1943590545414 
1979.08333333333  -62.2786694274238 13.1774656831290 
1979.16666666667  -59.0245772065009 13.1600757080880 
1979.25000000000  -58.6817353352336 13.1414813540037 
1979.33333333333  -59.8631617794028 13.1231774970560 
1979.41666666667  -62.6378300603560 13.1123500107842 
1979.50000000000  -60.6363178145305 13.0986228325874 
1979.58333333333  -59.9529158283807 13.0772629575632 
1979.66666666667  -60.3681116943054 13.0617562619837 
1979.75000000000  -59.5562721527362 13.0455512097141 
1979.83333333333  -59.3566823467003 13.0303095743429 
1979.91666666667  -61.3193788657297 13.0156361825473 
1980              -56.9702766548734 12.9956588038289 
1980.08333333333  -58.1804578417290 12.9870576550600 
1980.16666666667  -56.7267052123766 12.9739995115429 
1980.25000000000  -57.9351439964229 12.9556992996615 
1980.33333333333  -57.0630351088402 12.9313734791430 
1980.41666666667  -59.0326782855225 12.9184617426206 
1980.50000000000  -56.9387608737776 12.9041807890400 
1980.58333333333  -57.7669940498695 12.8869022431579 
1980.66666666667  -58.9617640928496 12.8702665091996 
1980.75000000000  -58.6227668689573 12.8518032145335 
1980.83333333333  -56.8863455574689 12.8481238760391 
1980.91666666667  -54.9849179113435 12.8357114720912 
1981              -57.1005264099375 12.8050718401940 
1981.08333333333  -57.5216779529574 12.7876890857500 
1981.16666666667  -56.8917158650652 12.7767700541711 
1981.25000000000  -57.7339712151510 12.7615607662577 
1981.33333333333  -58.0748093537294 12.7494773035157 
1981.41666666667  -57.0661460562646 12.7266325492585 
1981.50000000000  -60.2283167996630 12.7077260696380 
1981.58333333333  -57.8639540138857 12.6865000243061 
1981.66666666667  -58.9063396397210 12.6711105463626 
1981.75000000000  -56.2165865664684 12.6639646807597 
1981.83333333333  -59.2311699370979 12.6459791213693 
1981.91666666667  -58.0815533718656 12.6208244719667 
1982              -59.5225667498691 12.5988807391865 
1982.08333333333  -59.9904616212380 12.5819133512735 
1982.16666666667  -56.1516369292498 12.5672710171134 
1982.25000000000  -59.0699584743166 12.5547780128655 
1982.33333333333  -56.0732652483759 12.5398856551926 
1982.41666666667  -52.6108997794691 12.5199598451724 
1982.50000000000  -54.5779734792201 12.5034416513215 
1982.58333333333  -55.1209725037993 12.4973019678384 
1982.66666666667  -53.2174586241876 12.4794314024876 
1982.75000000000  -51.9862798672877 12.4611336010043 
1982.83333333333  -53.0256987253618 12.4483196642644 
1982.91666666667  -52.5533746789184 12.4314761017123 
1983              -54.8037767040402 12.4068149767931 
1983.08333333333  -52.0971587852617 12.3892924116085 
1983.16666666667  -54.1094852183886 12.3725382908579 
1983.25000000000  -56.9934001320330 12.3561638306065 
1983.33333333333  -57.2045216814024 12.3389523815807 
1983.41666666667  -57.1651644041413 12.3230156167565 
1983.50000000000  -57.2594185467886 12.3100665479330 
1983.58333333333  -56.9943073400865 12.2918037368363 
1983.66666666667  -56.4257787503475 12.2654564244554 
1983.75000000000  -56.2719516929584 12.2489145649951 
1983.83333333333  -54.1765466097380 12.2404513910975 
1983.91666666667  -53.5888782700063 12.2273878505377 
1984              -49.9665372381353 12.2089874328476 
1984.08333333333  -53.7184310452241 12.1938197127437 
1984.16666666667  -50.6579243243786 12.1760980495651 
1984.25000000000  -53.8467358432320 12.1455048883049 
1984.33333333333  -53.9841099678410 12.1275222023223 
1984.41666666667  -50.6238641455423 12.1088297967554 
1984.50000000000  -51.4509924140874 12.0906927128220 
1984.58333333333  -50.6537526304066 12.0710095056530 
1984.66666666667  -52.1402396682551 12.0573809734776 
1984.75000000000  -50.7808111912102 12.0379998840945 
1984.83333333333  -52.8857613796713 12.0231211234075 
1984.91666666667  -52.3073805797187 12.0068853633579 
1985              -50.5520838286072 11.9826849366802 
1985.08333333333  -52.8095722590798 11.9613305859590 
1985.16666666667  -51.6362287056154 11.9404075476556 
1985.25000000000  -51.7673738972783 11.9219382672767 
1985.33333333333  -51.0217088795419 11.9091255025656 
1985.41666666667  -49.3878804417106 11.8918004335720 
1985.50000000000  -49.6593793950623 11.8697059430929 
1985.58333333333  -50.0398514831243 11.8502770884534 
1985.66666666667  -51.9493197715084 11.8307198444349 
1985.75000000000  -51.0997124250730 11.8172955899020 
1985.83333333333  -48.7631656613848 11.7998165145309 
1985.91666666667  -47.7718341904051 11.7852629945998 
1986              -49.1556103407830 11.7678730750147 
1986.08333333333  -48.6863288888910 11.7511477280884 
1986.16666666667  -52.1786137347985 11.7324160323284 
1986.25000000000  -48.5737154208170 11.7153143986048 
1986.33333333333  -48.4892595150402 11.6969245367407 
1986.41666666667  -52.8102898233106 11.6801078968012 
1986.50000000000  -50.5289198713972 11.6625040754520 
1986.58333333333  -47.2404729576150 11.6394540345642 
1986.66666666667  -49.1817013139876 11.6252636606306 
1986.75000000000  -48.9661090877467 11.6064369640143 
1986.83333333333  -47.4652475309864 11.5912967766230 
1986.91666666667  -45.7413504554901 11.5743709145795 
1987              -46.1302500189781 11.5544872171705 
1987.08333333333  -47.4290961446628 11.5366146720585 
1987.16666666667  -46.5233796036500 11.5182093929351 
1987.25000000000  -49.3087168255754 11.5035085160514 
1987.33333333333  -49.4674771473810 11.4828724356464 
1987.41666666667  -45.1881045294223 11.4666365973280 
1987.50000000000  -48.7049119414331 11.4488209833691 
1987.58333333333  -49.1640003493218 11.4281384667804 
1987.66666666667  -48.1201275486937 11.4061786310704 
1987.75000000000  -48.8239268157209 11.3880565220858 
1987.83333333333  -44.3336225471324 11.3689701673905 
1987.91666666667  -45.2443570813299 11.3520046226247 
1988              -46.9103760673725 11.3305121383027 
1988.08333333333  -44.5822476627771 11.3170764116329 
1988.16666666667  -46.6125455568071 11.2994904909170 
1988.25000000000  -45.9984788532713 11.2793408854457 
1988.33333333333  -44.9456694202772 11.2599600963703 
1988.41666666667  -47.2289801371761 11.2431973158216 
1988.50000000000  -47.7171799823183 11.2241113422265 
1988.58333333333  -49.6479205387573 11.2052778890924 
1988.66666666667  -51.3085638415964 11.1891337085199 
1988.75000000000  -50.1402601510110 11.1709154830325 
1988.83333333333  -52.5894731132563 11.1536161927896 
1988.91666666667  -53.3337796807187 11.1326789041244 
1989              -52.1724693682277 11.1092637387744 
1989.08333333333  -51.8931982659005 11.0945538912543 
1989.16666666667  -47.4774887818900 11.0745089929360 
1989.25000000000  -46.0699411548539 11.0616688461264 
1989.33333333333  -46.7277237866903 11.0414883289069 
1989.41666666667  -46.5610583520766 11.0213704668200 
1989.50000000000  -48.5813921840467 11.0025167949828 
1989.58333333333  -48.0185501418643 10.9796579044217 
1989.66666666667  -48.4871071210462 10.9613339498856 
1989.75000000000  -47.7716930308865 10.9426137519160 
1989.83333333333  -46.6339788508345 10.9265744951056 
1989.91666666667  -46.7489391025329 10.9078027917770 
1990              -45.8430580295486 10.8845801075083 
1990.08333333333  -46.8351638092650 10.8661257172577 
1990.16666666667  -46.1968546285347 10.8456815724730 
1990.25000000000  -42.3962211177866 10.8294844307317 
1990.33333333333  -43.3354897858683 10.8119288141655 
1990.41666666667  -41.5756000231079 10.7932001298446 
1990.50000000000  -42.7057434769870 10.7782674858756 
1990.58333333333  -41.6664211003554 10.7572374916328 
1990.66666666667  -41.3507274896421 10.7414091876020 
1990.75000000000  -42.3948538347337 10.7177599462954 
1990.83333333333  -39.8742970543441 10.7004263566910 
1990.91666666667  -42.2757357389077 10.6779421297487 
1991              -41.0716114387397 10.6559665204477 
1991.08333333333  -40.3894652127225 10.6374887055963 
1991.16666666667  -39.1379597576007 10.6186501343773 
1991.25000000000  -39.7278984793772 10.6028441583903 
1991.33333333333  -38.6920785408903 10.5801028248915 
1991.41666666667  -38.6092010779868 10.5590314385502 
1991.50000000000  -39.2415369024220 10.5404629982234 
1991.58333333333  -40.8113227942453 10.5204577275970 
1991.66666666667  -37.6480323186663 10.4988454962525 
1991.75000000000  -38.0270752554216 10.4805271013597 
1991.83333333333  -36.2008983130066 10.4624876986741 
1991.91666666667  -38.6871726354096 10.4452620350919 
1992              -37.2798823598015 10.4243822667888 
1992.08333333333  -40.0350268759596 10.4033017173084 
1992.16666666667  -37.8328931456105 10.3818238986218 
1992.25000000000  -36.2830662331007 10.3578063388630 
1992.33333333333  -38.2581422015716 10.3428058331252 
1992.41666666667  -37.4408216078083 10.3226954954366 
1992.50000000000  -38.6079906822377 10.3021263136963 
1992.58333333333  -37.8508470372413 10.2798885293521 
1992.66666666667  -37.0446904070975 10.2610753209220 
1992.75000000000  -35.6902552249649 10.2406949357933 
1992.83333333333  -36.6121265120537 10.2213317676761 
1992.91666666667  -40.2090240653232 10.2004460343938 
1993              -41.1673488470842 10.1806654069860 
1993.08333333333  -36.5005347594215 10.1610729182213 
1993.16666666667  -34.8656119925721 10.1420713089673 
1993.25000000000  -33.5782649606715 10.1252653520072 
1993.33333333333  -34.8584361500754 10.1033137101695 
1993.41666666667  -34.0814553630190 10.0810913418860 
1993.50000000000  -34.0894039709772 10.0630555260529 
1993.58333333333  -34.1931784959573 10.0435684645653 
1993.66666666667  -35.2950957996476 10.0222434972520 
1993.75000000000  -33.4376777054873 9.99524249699762 
1993.83333333333  -38.5851041846001 9.97841174059413 
1993.91666666667  -33.6439604001028 9.95960581901398 
1994              -32.9669057751299 9.93747120827143 
1994.08333333333  -33.1256829782302 9.92280516484611 
1994.16666666667  -34.9401892223595 9.90669869941847 
1994.25000000000  -32.6040280130192 9.88590891023521 
1994.33333333333  -34.1328590186182 9.86202174508305 
1994.41666666667  -36.3050357792774 9.83652971991446 
1994.50000000000  -33.6035337362182 9.81279668236533 
1994.58333333333  -36.5676886661011 9.79159923361887 
1994.66666666667  -32.7104146083278 9.77214884792793 
1994.75000000000  -35.5131394391543 9.75243417721350 
1994.83333333333  -37.1170738137333 9.73015847201242 
1994.91666666667  -34.2589205586306 9.71107014645831 
1995              -31.9813752859150 9.68657200391645 
1995.08333333333  -34.9028469585839 9.66877246815674 
1995.16666666667  -31.6897614325132 9.64760699632971 
1995.25000000000  -31.3393371349033 9.62404251626802 
1995.33333333333  -30.5518348134708 9.60067008457260 
1995.41666666667  -30.7958753702283 9.58061704287755 
1995.50000000000  -31.3052854375475 9.55858634144763 
1995.58333333333  -32.3544468569608 9.53407666428968 
1995.66666666667  -31.6688037283339 9.51160601116027 
1995.75000000000  -33.5978649830103 9.49498216194254 
1995.83333333333  -32.1207687400003 9.47313055841613 
1995.91666666667  -32.7652639818002 9.45158603400871 
1996              -33.8945614940042 9.43003380355378 
1996.08333333333  -32.3868581400786 9.40698899823748 
1996.16666666667  -31.8757086974550 9.37925317779298 
1996.25000000000  -31.5455272720564 9.35708135630843 
1996.33333333333  -31.6569680463901 9.34115314733417 
1996.41666666667  -32.4121277529225 9.31656635300691 
1996.50000000000  -31.9293160776092 9.29341511625073 
1996.58333333333  -30.9764044538602 9.27145042567503 
1996.66666666667  -29.8392058434290 9.24935362620992 
1996.75000000000  -31.6649962962941 9.22236212224079 
1996.83333333333  -29.9574188695988 9.20037649469021 
1996.91666666667  -31.6963589461504 9.18592001802011 
1997              -32.6695850936429 9.16423245028358 
1997.08333333333  -29.5166821433371 9.14154955705093 
1997.16666666667  -27.8390798009898 9.12262717192533 
1997.25000000000  -28.5614248813992 9.09943521301723 
1997.33333333333  -27.7985853749478 9.07600567432105 
1997.41666666667  -26.2359519053886 9.05369048252078 
1997.50000000000  -25.9789998251637 9.03323286651076 
1997.58333333333  -26.6257008568982 9.00495365239302 
1997.66666666667  -26.1293199741581 8.98415558716454 
1997.75000000000  -25.3086292528754 8.96314604511312 
1997.83333333333  -24.9416583734767 8.94228773395258 
1997.91666666667  -26.7571340704720 8.92104319437232 
1998              -23.4359953328479 8.90025015883704 
1998.08333333333  -25.6787939135339 8.87524283890020 
1998.16666666667  -25.6027945396168 8.85128068521990 
1998.25000000000  -27.4359394768901 8.82755030969719 
1998.33333333333  -29.9361133018418 8.79799403268183 
1998.41666666667  -27.3515376460188 8.77376528858706 
1998.50000000000  -28.7495957680953 8.74878555377990 
1998.58333333333  -28.0327257163321 8.72560129466325 
1998.66666666667  -25.9086934268589 8.70665745768423 
1998.75000000000  -25.7807022782135 8.68098214653808 
1998.83333333333  -25.2594384547495 8.65756270818977 
1998.91666666667  -27.7348500602819 8.63418698999663 
1999              -24.9008593103764 8.60642748449908 
1999.08333333333  -26.3800598874093 8.58480584186752 
1999.16666666667  -24.3803297668067 8.56266294837500 
1999.25000000000  -25.3823053539606 8.54708185186309 
1999.33333333333  -25.6939424608693 8.52327601010532 
1999.41666666667  -26.5135051999593 8.49955242498445 
1999.50000000000  -24.7761258876976 8.47935061356030 
1999.58333333333  -24.5953325205590 8.45438960968614 
1999.66666666667  -25.2328301538167 8.42607152284971 
1999.75000000000  -24.0149625653700 8.40031041166372 
1999.83333333333  -24.9844904221454 8.38084316888514 
1999.91666666667  -24.2848648629049 8.35128778947269 
2000              -23.9765998571651 8.32269166924302 
2000.08333333333  -22.4846648772554 8.29603010708688 
2000.16666666667  -21.6027305659242 8.26601622419141 
2000.25000000000  -23.0538910315902 8.24093627185880 
2000.33333333333  -24.4567408027645 8.21981603236064 
2000.41666666667  -22.2149558049016 8.19936100306101 
2000.50000000000  -20.1320151585865 8.17110006705722 
2000.58333333333  -21.2520146893501 8.13668911522918 
2000.66666666667  -21.3836249051335 8.11084721582772 
2000.75000000000  -22.6072293481945 8.08415793156940 
2000.83333333333  -19.1851757992242 8.06179013502840 
2000.91666666667  -19.1119368392693 8.04233098682283 
2001              -18.7121258436596 8.01339644887647 
2001.08333333333  -19.7880138238625 7.98586405747662 
2001.16666666667  -17.1760105201979 7.95791732377872 
2001.25000000000  -19.5014249852365 7.92917987184219 
2001.33333333333  -17.8441602053837 7.90203251117401 
2001.41666666667  -18.0318222972967 7.87601185584363 
2001.50000000000  -17.1342645973634 7.85214398488801 
2001.58333333333  -16.5750937117388 7.82628379903995 
2001.66666666667  -16.3865846742987 7.79825472957409 
2001.75000000000  -18.1211398695850 7.77117213709980 
2001.83333333333  -19.0481445597011 7.74534766986595 
2001.91666666667  -17.9656368748355 7.72305868948510 
2002              -17.9417971616475 7.69748079314337 
2002.08333333333  -17.0677931271062 7.67143094547166 
2002.16666666667  -17.5114966405135 7.64466329582507 
2002.25000000000  -17.0551878405284 7.62126215624302 
2002.33333333333  -15.7719094307242 7.59464709000192 
2002.41666666667  -15.3680855709659 7.56790466098670 
2002.50000000000  -13.6008736337913 7.53859307149407 
2002.58333333333  -12.7118878045294 7.51217553269838 
2002.66666666667  -13.2206504425409 7.48588730200581 
2002.75000000000  -10.0579316027270 7.45277980215491 
2002.83333333333  -10.3878897186053 7.42491398292567 
2002.91666666667  -11.4317101860391 7.39961318631061 
2003              -12.1433553111420 7.37650291862080 
2003.08333333333  -11.3524826690921 7.35289598569033 
2003.16666666667  -13.7441407314856 7.32582685930694 
2003.25000000000  -14.3487684255639 7.28955184996330 
2003.33333333333  -12.4740286436883 7.25937108293786 
2003.41666666667  -13.3074842829442 7.23074304843229 
2003.50000000000  -11.9090907356713 7.20613785411489 
2003.58333333333  -10.6701476993364 7.17412469347674 
2003.66666666667  -10.6597953444825 7.14450818489890 
2003.75000000000  -8.63214684217940 7.11112663111574 
2003.83333333333  -11.2290064142909 7.08494824905374 
2003.91666666667  -11.7853934584908 7.05459210298257 
2004              -10.0971878713139 7.03762286656015 
2004.08333333333  -9.93786440657315 7.00899897818821 
2004.16666666667  -9.79368991381736 6.96562023841128 
2004.25000000000  -9.62289745267521 6.92914463398356 
2004.33333333333  -8.79780641636335 6.90071228505494 
2004.41666666667  -9.83599920624677 6.87810902536032 
2004.50000000000  -8.88067423561859 6.84913410753235 
2004.58333333333  -6.59238135191644 6.81831403259985 
2004.66666666667  -8.73525772645071 6.78138876649586 
2004.75000000000  -8.32406267110543 6.74573199995794 
2004.83333333333  -9.53984848232933 6.71451693522156 
2004.91666666667  -8.15565402367668 6.68459941642392 
2005              -6.95288422746867 6.65217798413484 
2005.08333333333  -3.68611608726495 6.62603523878545 
2005.16666666667  -6.76658418858087 6.59627809495343 
2005.25000000000  -6.04823372773227 6.56076705618397 
2005.33333333333  -5.33498518415687 6.52981508060373 
2005.41666666667  -6.18313035481666 6.49875554170645 
2005.50000000000  -5.42822159501405 6.46211695201272 
2005.58333333333  -7.36603894668892 6.43778369852331 
2005.66666666667  -6.85375454897378 6.40522761678236 
2005.75000000000  -7.51761319730605 6.37088884149361 
2005.83333333333  -5.10237545582064 6.33529770286859 
2005.91666666667  -3.08724669074415 6.30835931307946 
2006              -6.62577041950487 6.27174192178690 
2006.08333333333  -7.35165129109604 6.23255083834098 
2006.16666666667  -4.43598309915728 6.20716397546388 
2006.25000000000  -4.52981936512506 6.17340920786148 
2006.33333333333  -5.98085992807296 6.14233967300642 
2006.41666666667  -5.67330712508896 6.10501583720053 
2006.50000000000  -3.37086038621418 6.06961828525651 
2006.58333333333  -3.85062839733563 6.03201900530155 
2006.66666666667  -4.55902237234242 5.99555661008633 
2006.75000000000  -0.2872430727512995.96734641744767 
2006.83333333333  -3.91761262554605 5.92792406832124 
2006.91666666667  -3.94956541530142 5.89607932405872 
2007              -3.74068995188671 5.87479782458405 
2007.08333333333  -3.01509680184290 5.84304819395578 
2007.16666666667  -2.96962160684394 5.80554263593017 
2007.25000000000  -2.89474135202892 5.76431414007945 
2007.33333333333  -0.1605933717586145.74324722884389 
2007.41666666667  -2.32622148739140 5.70774490791761 
2007.50000000000  -1.96092297411746 5.66884726858697 
2007.58333333333  -1.44700861263729 5.62240446258570 
2007.66666666667  -2.41667979856346 5.57373536627843 
2007.75000000000  -3.28144620195831 5.53673799092899 
2007.83333333333  -0.5497931414595915.49876453202770 
2007.91666666667  -3.00142221945684 5.45970878710064 
2008              -2.18935450771530 5.41783329954409 
2008.08333333333  -1.83039962894696 5.37822940331758 
2008.16666666667  -0.0215066029670745.340613183717367
2008.25000000000  1.66644771127719  5.30634027955323 
2008.33333333333  2.58158387441081  5.26894305384435 
2008.41666666667  1.15186963743379  5.23419481615906 
2008.50000000000  2.28016011315179  5.20629772423320 
2008.58333333333  1.63647856625241  5.16852769077709 
2008.66666666667  2.59194006012758  5.11685024028380 
2008.75000000000  0.972092921265064 5.07454506939509 
2008.83333333333  3.10923161016535  5.04199654059063 
2008.91666666667  2.43990157363378  4.99019887643943 
2009              0.935542125093475 4.94044142926086 
2009.08333333333  2.05384301039599  4.89541057807888 
2009.16666666667  3.66576751489431  4.85370791498897 
2009.25000000000  3.24496469231881  4.81358980566622 
2009.33333333333  3.93186620035562  4.78057316560155 
2009.41666666667  6.44677202783247  4.73990030688261 
2009.50000000000  6.64222507051442  4.70008570064281 
2009.58333333333  6.02337104878721  4.65390027369658 
2009.66666666667  7.22297823202489  4.60412881863511 
2009.75000000000  7.57930884273528  4.56148581024543 
2009.83333333333  8.58518910972758  4.51653111976728 
2009.91666666667  11.0661231713358  4.47652991002275 
2010              8.36183083342812  4.43132013909036 
2010.08333333333  11.4802265461661  4.38908654194091 
2010.16666666667  7.55116150283229  4.33641560026207 
2010.25000000000  7.85719228696638  4.27824180621672 
2010.33333333333  7.26199245840663  4.23087009362291 
2010.41666666667  7.03935754057933  4.18615586870511 
2010.50000000000  6.24922797975970  4.14039899180552 
2010.58333333333  5.49333277940338  4.09846992904112 
2010.66666666667  5.38332115162856  4.05633866636051 
2010.75000000000  6.13845950929585  4.01604205605478 
2010.83333333333  6.88623992642807  3.97427983263518 
2010.91666666667  6.82768442644257  3.94020125464900 
2011              6.49419166034091  3.90175531001055 
2011.08333333333  2.88872679447317  3.86291669594565 
2011.16666666667  4.24454637859774  3.82305102631601 
2011.25000000000  4.78545276018829  3.78379318705030 
2011.33333333333  7.54680130184985  3.74876647580450 
2011.41666666667  10.3026034706899  3.71618837010357 
2011.50000000000  9.92596681038699  3.66522624627365 
2011.58333333333  9.55941712302430  3.62516736540081 
2011.66666666667  9.45686912351541  3.60078701644675 
2011.75000000000  6.96826955062218  3.56142169331380 
2011.83333333333  6.81699887371934  3.51746950223730 
2011.91666666667  9.41568925410633  3.49793075122339 
2012              10.4565982185177  3.46742187304497 
2012.08333333333  10.8080487654142  3.41318592045396 
2012.16666666667  11.9426452354614  3.38486477996296 
2012.25000000000  13.0981636371292  3.34613214785296 
2012.33333333333  14.6158324855707  3.34556919735420 
2012.41666666667  15.8537765931061  3.32008688028010 
2012.50000000000  14.6278564482187  3.28797580045883 
2012.58333333333  15.2808398869226  3.28573255626372 
2012.66666666667  15.6506913335785  3.25994191215403 
2012.75000000000  16.3982978643193  3.20486476961250 
2012.83333333333  16.9695298004584  3.21401381957263 
2012.91666666667  19.0284965016021  3.20859429261167 
2013              17.5286986363227  3.15347933141677 
2013.08333333333  17.6711844236248  3.13338369996405 
2013.16666666667  19.0605829124497  3.11334588737057 
2013.25000000000  17.8782370903949  3.09530683134612 
2013.33333333333  16.3705190948840  3.09499044654988 
2013.41666666667  15.7146750386797  3.08284709860758 
2013.50000000000  16.6981247889966  3.07740033746771 
2013.58333333333  17.9562877681128  3.06380191606268 
2013.66666666667  19.4146693560797  3.04216277377206 
2013.75000000000  18.9959248785595  3.03165956920494 
2013.83333333333  17.0589763842022  3.02352187579197 
2013.91666666667  18.7481302255414  3.05524520013103 
2014              20.2923439899620  3.05784602098896 
2014.08333333333  21.0766434386325  3.05249582702982 
2014.16666666667  19.5823879839584  3.05351099472867 
2014.25000000000  21.0856676846284  3.04983333154185 
2014.33333333333  20.9630666028826  3.05296997243102 
2014.41666666667  22.8611671936912  3.04674547050395 
2014.50000000000  22.5755096088171  3.04829754376418 
2014.58333333333  22.0734681162550  3.02512694149723 
2014.66666666667  22.9395137879513  3.03460395716284 
2014.75000000000  24.5166050700119  3.04342663781719 
2014.83333333333  22.3035113071076  3.07450443746109 
2014.91666666667  24.3991719212885  3.14490605732793 
2015              24.1850342091299  3.15211075432551 
2015.08333333333  23.8648413774218  3.14683617371979 
2015.16666666667  24.5635179063256  3.17155780592224 
2015.25000000000  24.8915793631146  3.18948778048715 
2015.33333333333  27.9324043733239  3.20492716165434 
2015.41666666667  27.2937638509827  3.21793643921333 
2015.50000000000  28.8966423011209  3.23112775408614 
2015.58333333333  28.6192297265220  3.22990783610001 
2015.66666666667  29.4959239658818  3.24751570319878 
2015.75000000000  29.0565577927847  3.26571757071247 
2015.83333333333  27.6310226856905  3.28868054958783 
2015.91666666667  28.9780033032572  3.30973201441404 