# CNT [Celsius] Central Netherlands Temperature
# title :: Central Netherlands Temperature
# references :: G. van der Schrier, A. van Ulden, and G. J. van Oldenborgh, Clim. Past, 7, 527-542, 2011, https://doi.org/10.5194/cp-7-527-2011
# institution :: KNMI
# contact :: schrier@knmi.nl
# source_url :: http://climexp.knmi.nl/getindices.cgi?KNMIData/cnt_v11
# version :: 1.1
1906    3.29    2.28    3.79    7.67   12.41   14.17   16.79   17.00   13.35   11.65    7.50   -0.28 
1907    1.48    0.41    4.60    7.43   12.49   13.52   13.90   15.55   13.79   11.24    5.58    3.09 
1908   -1.25    3.29    3.44    5.89   12.98   16.22   16.65   15.08   13.43    9.78    4.23    0.97 
1909    0.54    0.30    2.97    8.55   11.30   12.94   14.58   16.31   13.02   10.95    3.89    3.01 
1910    3.26    4.03    5.26    7.84   12.43   16.00   15.15   16.22   13.35   10.38    3.31    5.34 
1911    0.80    3.29    5.18    7.29   13.67   14.46   18.65   19.58   14.65    9.28    5.74    5.22 
1912    1.79    4.17    7.37    8.50   11.80   15.02   18.34   14.03   10.45    7.77    5.02    5.32 
1913    2.36    3.27    6.94    8.68   12.53   14.07   14.57   15.14   13.70   10.90    8.27    3.61 
1914   -0.59    5.76    5.92   10.19   11.36   14.06   17.64   17.40   13.53    9.69    4.90    4.87 
1915    2.80    3.01    3.86    7.45   12.50   15.88   15.64   15.66   13.10    7.52    2.56    5.12 
1916    5.63    2.60    4.35    8.71   13.20   11.98   15.30   16.31   13.22   10.11    5.75    2.54 
1917   -1.00   -1.84    1.82    4.53   14.91   17.91   16.73   16.28   14.67    7.73    7.03   -0.40 
1918    2.79    3.98    4.61    8.13   13.98   13.17   16.08   16.01   13.14    9.21    4.19    5.81 
1919    1.90    0.50    4.05    6.23   13.62   14.47   13.86   16.28   14.67    6.75    1.67    3.52 
1920    4.00    5.29    7.37    9.29   13.00   15.48   16.31   14.37   13.31    8.31    3.04    2.09 
1921    5.95    2.93    6.64    8.58   13.36   14.54   18.33   16.96   14.25   12.83    0.98    2.93 
1922    0.16    1.49    4.11    5.84   13.65   15.01   15.13   15.10   12.37    6.00    4.64    4.42 
1923    3.69    3.10    6.49    7.53   10.23   11.23   18.71   15.65   12.98   10.69    2.98    0.28 
1924    0.17    0.07    3.22    6.49   13.38   14.77   16.15   14.29   13.93   10.37    4.77    3.76 
1925    3.70    4.63    3.30    8.00   13.63   14.96   18.08   16.30   11.52    9.70    2.55    1.49 
1926    2.04    6.37    5.69    9.80   10.41   13.48   17.55   16.44   15.42    7.98    6.76    2.43 
1927    3.68    2.70    6.48    7.65   11.17   13.04   16.81   16.64   13.97   10.19    4.03   -1.39 
1928    3.51    4.56    4.50    8.10   10.62   13.75   17.41   16.06   12.69    9.60    7.26    2.00 
1929   -1.71   -5.63    3.93    5.31   12.81   13.65   17.01   16.55   16.17    9.93    6.06    5.10 
1930    4.78    1.39    5.01    8.71   11.55   17.52   15.95   16.40   13.87   10.10    7.06    2.17 
1931    2.34    0.95    2.39    7.05   13.66   15.36   16.51   15.63   11.50    8.68    6.66    2.65 
1932    4.00    1.08    2.97    6.95   12.09   14.83   17.35   19.02   14.78    9.20    5.24    3.38 
1933    0.01    2.50    6.79    8.49   11.79   15.13   18.10   17.63   14.73    9.79    3.71   -2.64 
1934    2.09    3.02    4.68   10.37   12.11   15.70   17.58   16.42   16.12   11.12    5.20    7.08 
1935    2.44    4.09    5.00    7.77   10.89   16.38   17.73   17.16   14.21    9.56    7.04    2.37 
1936    4.66    1.92    6.54    5.91   12.71   16.30   16.38   17.00   14.03    8.37    5.00    3.08 
1937    2.68    4.62    3.30    8.65   14.03   15.52   16.69   17.20   13.54   10.93    4.44    1.33 
1938    3.83    2.96    7.74    6.49   10.99   15.50   16.26   17.93   15.13    9.55    8.57    0.16 
1939    4.29    3.55    4.29    9.17   11.78   16.16   16.93   17.74   14.93    7.52    7.31    0.78 
1940   -6.24   -1.32    5.07    8.86   13.11   16.32   15.74   15.30   12.90    8.76    6.61    0.28 
1941   -2.71    1.59    4.76    6.73    9.59   16.45   18.97   14.82   14.29    9.38    4.08    4.24 
1942   -5.23   -4.38    2.96    8.95   11.93   14.45   15.76   17.91   14.79   11.70    5.28    4.23 
1943    2.67    4.22    6.41   10.32   13.20   14.15   17.24   16.88   13.55   10.59    4.59    1.25 
1944    5.04    1.31    3.17    9.44   11.45   13.75   16.65   19.34   13.15    9.38    6.02    2.46 
1945   -1.91    6.03    7.41    9.59   13.50   15.92   17.83   16.19   14.54   11.31    4.68    3.19 
1946    0.09    4.31    4.29   10.25   12.72   13.82   17.40   15.70   14.58    9.11    6.32   -0.31 
1947   -1.44   -5.40    3.40    9.11   15.00   17.37   18.93   19.94   17.03    9.40    6.79    3.84 
1948    5.07    2.68    6.87    9.96   12.83   15.12   16.44   16.50   14.47    9.62    5.00    3.55 
1949    3.64    3.86    3.87   10.39   11.36   14.23   17.55   17.27   17.31   11.41    4.98    4.11 
1950    1.11    5.63    6.43    7.44   12.82   17.41   17.44   17.36   13.31    9.09    5.75   -1.42 
1951    4.08    3.83    3.86    7.21   11.96   15.29   17.02   16.72   15.45    8.54    8.29    4.13 
1952    2.34    2.25    4.93   10.81   13.37   15.20   17.47   17.30   11.28    8.23    2.86    1.47 
1953    1.01    2.21    4.91    8.83   13.47   15.83   16.99   16.82   14.10   11.50    6.93    5.21 
1954   -0.24   -0.12    6.08    6.84   12.93   15.22   14.38   15.87   13.62   11.75    6.67    5.40 
1955    0.28   -0.05    1.99    8.68   10.09   14.77   17.81   18.00   14.48    9.16    6.09    4.63 
1956    2.11   -6.90    5.50    5.86   12.79   12.97   16.57   14.31   14.86    9.65    4.84    5.42 
1957    3.38    5.31    8.49    8.53   10.45   16.74   17.90   15.76   12.89   10.63    6.25    2.75 
1958    2.06    3.70    2.24    6.25   12.56   14.87   16.83   17.45   15.82   10.85    5.11    4.51 
1959    1.58    0.77    6.97   10.01   13.40   16.31   19.09   17.98   15.70   11.17    5.24    4.33 
1960    2.39    3.17    5.82    8.84   13.26   16.23   15.31   15.83   13.53   10.62    7.41    2.96 
1961    1.84    6.21    7.03   10.63   11.01   15.55   15.47   16.03   16.99   11.40    4.76    1.74 
1962    3.42    2.49    1.91    8.10    9.91   13.95   14.80   15.37   12.90   10.33    4.08   -0.70 
1963   -5.51   -3.42    4.72    9.12   11.10   15.76   16.64   15.33   13.96    9.47    8.34   -1.32 
1964    0.26    3.50    2.70    8.88   14.45   15.59   17.22   16.33   14.38    7.91    6.17    2.26 
1965    2.53    1.54    4.36    7.54   11.97   14.99   14.73   15.45   12.98    9.93    2.61    4.25 
1966    0.10    4.67    4.92    8.68   13.18   16.85   15.45   15.87   13.91   11.15    4.11    4.11 
1967    3.03    4.91    6.50    7.27   12.72   14.57   18.46   16.48   14.13   11.57    4.82    2.70 
1968    1.61    1.36    5.99    9.57   11.00   15.46   16.23   16.89   14.36   11.70    4.93   -0.15 
1969    4.27   -0.30    2.46    7.96   12.95   15.15   18.16   17.44   14.69   12.43    6.25   -1.72 
1970    0.75    0.87    2.67    5.96   13.09   17.64   15.80   17.05   14.37   10.52    7.42    2.11 
1971    2.29    3.56    2.51    8.18   14.06   14.04   17.51   17.18   12.88   10.13    5.05    5.19 
1972    0.60    3.75    6.29    7.61   11.82   13.65   17.26   15.51   11.57    8.74    5.75    3.38 
1973    2.67    2.62    5.08    6.01   12.25   16.34   17.06   17.94   14.64    8.77    5.15    2.58 
1974    5.28    4.45    5.65    9.04   11.62   14.85   15.30   16.45   12.79    6.78    6.44    7.03 
1975    6.27    3.21    4.57    7.44   11.17   15.12   17.84   19.63   15.24    8.50    5.05    2.88 
1976    3.78    2.90    3.05    7.42   13.52   18.17   19.42   17.94   13.79   11.15    6.52    1.03 
1977    2.63    4.78    7.08    6.42   11.91   14.60   16.81   15.94   13.01   11.41    6.52    4.77 
1978    2.84    0.92    6.23    7.04   12.26   14.83   15.29   15.10   13.38   10.63    5.92    1.82 
1979   -3.49   -1.11    4.66    7.73   11.85   15.20   15.87   15.36   13.42   10.77    5.38    5.31 
1980    0.09    4.85    4.66    7.73   12.03   14.82   15.64   17.04   15.10    9.08    4.55    3.15 
1981    2.09    1.26    8.29    8.42   13.49   14.70   16.44   16.59   14.59    8.52    6.28   -0.38 
1982    0.90    2.80    5.18    7.72   12.87   16.43   18.83   17.07   15.95   11.10    7.95    3.24 
1983    5.85    0.55    5.55    8.71   10.87   16.51   20.35   18.22   14.10   10.23    5.89    3.55 
1984    3.17    1.92    3.66    7.79   10.49   13.70   15.93   17.79   13.24   11.41    7.99    4.07 
1985   -3.44   -1.00    4.02    8.51   13.35   13.62   17.26   15.70   14.08   10.10    2.47    5.59 
1986    2.27   -3.75    4.28    6.16   13.54   16.49   17.03   15.54   11.20   11.40    7.68    4.63 
1987   -3.25    1.98    2.20   10.86   10.16   13.92   16.84   16.00   14.88   10.79    6.51    4.05 
1988    5.77    4.21    4.86    8.74   14.41   14.85   15.96   16.64   13.76   10.72    5.81    6.65 
1989    4.19    5.04    8.21    7.03   14.73   15.70   17.98   17.23   15.34   12.18    5.16    4.68 
1990    5.39    7.32    8.18    8.56   14.06   15.06   16.76   18.53   12.66   11.92    5.78    3.59 
1991    2.90   -1.07    8.51    8.23   10.00   12.82   18.94   18.05   15.24   10.04    5.24    3.45 
1992    2.26    4.64    6.71    8.54   15.54   17.05   18.22   17.94   14.55    7.61    7.67    3.50 
1993    4.86    1.81    5.64   11.23   14.60   16.11   16.24   15.02   12.90    8.89    2.14    4.98 
1994    4.85    1.37    7.33    8.31   12.48   15.42   21.50   17.77   13.48    9.22    9.78    5.15 
1995    3.45    6.44    5.10    9.08   12.86   14.74   20.33   19.61   13.97   12.64    6.27   -0.79 
1996   -0.19    0.34    2.98    9.29   10.80   15.76   16.33   17.25   12.32   10.34    5.43    0.17 
1997   -1.53    6.18    7.89    7.60   12.76   15.94   17.27   20.44   14.02    9.48    6.24    4.61 
1998    4.34    5.85    7.21    9.20   14.91   15.77   16.21   16.53   14.89    9.56    3.34    4.10 
1999    4.98    2.77    7.08    9.80   14.09   15.02   19.09   17.37   17.51   10.41    6.15    4.31 
2000    3.96    5.54    6.65   10.13   14.89   16.20   15.35   17.41   15.65   11.15    7.65    4.86 
2001    2.50    4.33    5.08    8.18   14.47   15.12   18.59   18.58   13.13   14.08    6.42    2.41 
2002    4.07    6.91    6.91    9.15   13.45   16.74   17.56   18.58   14.43    9.49    7.73    2.90 
2003    2.18    1.58    7.42    9.88   13.50   18.35   18.92   19.44   14.36    7.29    7.89    3.78 
2004    3.25    4.49    5.71   10.44   12.21   15.65   16.82   18.90   15.19   11.25    5.82    2.74 
2005    4.72    2.01    6.52   10.34   12.79   17.06   17.87   16.01   15.67   13.24    6.34    3.56 
2006    1.00    2.36    3.82    8.74   14.44   16.87   22.59   16.01   17.82   13.65    8.87    6.12 
2007    6.65    5.84    7.62   12.96   14.22   17.50   16.96   16.95   13.59    9.79    6.38    3.47 
2008    6.15    4.88    5.67    8.64   15.60   16.39   17.90   17.30   13.36    9.74    6.48    2.06 
