% Open solar flux
% 27-day means(Bartel Rotation Periods) for 1964-December 2018 (inclusive)
% Kinematically corrected to remove folded flux
% please acknowledge M. Lockwood, University of Reading, UK
% and cite
% M. Lockwood, M. Owens, and A.P. Rouillard (2009)
% Excess Open Solar Magnetic Flux from Satellite Data: II. A survey of kinematic effects
% J. Geophys. Res., 114, A11104, doi: 10.1029/2009JA014450
% and 
% M. Lockwood, M. Owens, and A.P. Rouillard
% Excess Open Solar Magnetic Flux from Satellite Data: I. Analysis of the 3rd Perihelion Ulysses Pass
% J. Geophys. Res., 114, A11103, doi:10.1029/2009JA014449, 2009   

%  decimal year    OSF (10^15 Wb)         B (nT)       |Br| (nT)
   1.9640314e+03             NaN   5.4350181e+00   3.0086643e+00
   1.9640969e+03             NaN   4.8313725e+00   2.1503268e+00
   1.9641707e+03             NaN             NaN             NaN
   1.9642445e+03             NaN             NaN             NaN
   1.9643182e+03             NaN             NaN             NaN
   1.9643920e+03             NaN             NaN             NaN
   1.9644658e+03             NaN             NaN             NaN
   1.9645396e+03             NaN             NaN             NaN
   1.9646133e+03             NaN             NaN             NaN
   1.9646871e+03             NaN             NaN             NaN
   1.9647609e+03             NaN             NaN             NaN
   1.9648346e+03             NaN             NaN             NaN
   1.9649084e+03             NaN             NaN             NaN
   1.9649822e+03             NaN             NaN             NaN
   1.9650561e+03             NaN             NaN             NaN
   1.9651301e+03             NaN             NaN             NaN
   1.9652041e+03             NaN             NaN             NaN
   1.9652780e+03             NaN             NaN             NaN
   1.9653520e+03             NaN             NaN             NaN
   1.9654260e+03             NaN   6.3103774e+00   3.7386792e+00
   1.9654999e+03             NaN   4.6893899e+00   2.2535809e+00
   1.9655739e+03             NaN   5.2889908e+00   2.6983945e+00
   1.9656479e+03             NaN   5.3354772e+00   2.7139004e+00
   1.9657219e+03             NaN   5.2234201e+00   2.6323420e+00
   1.9657958e+03             NaN   5.1356322e+00   2.4733716e+00
   1.9658698e+03             NaN   5.3204380e+00   2.4530414e+00
   1.9659438e+03             NaN   4.2953535e+00   1.9393939e+00
   1.9660178e+03             NaN   4.6322404e+00   2.2879781e+00
   1.9660917e+03             NaN   6.6824561e+00   2.4754386e+00
   1.9661657e+03             NaN             NaN             NaN
   1.9662397e+03             NaN             NaN             NaN
   1.9663136e+03             NaN             NaN             NaN
   1.9663876e+03             NaN             NaN             NaN
   1.9664616e+03             NaN             NaN             NaN
   1.9665356e+03   4.2150141e-01   6.3159664e+00   3.3153361e+00
   1.9666095e+03   3.6235973e-01   5.5890244e+00   2.5887805e+00
   1.9666835e+03             NaN   6.7411642e+00   3.3174636e+00
   1.9667575e+03             NaN   6.7178030e+00   2.9865530e+00
   1.9668314e+03             NaN   5.9996383e+00   3.1723327e+00
   1.9669054e+03             NaN   6.7901316e+00   3.4447368e+00
   1.9669794e+03             NaN   6.7286573e+00   3.4152305e+00
   1.9670534e+03   3.3581929e-01   6.9693380e+00   2.9322300e+00
   1.9671273e+03   2.7684681e-01   6.9630769e+00   3.0488889e+00
   1.9672013e+03   3.4259068e-01   6.0127778e+00   2.7274074e+00
   1.9672753e+03             NaN   5.7301703e+00   2.8622871e+00
   1.9673493e+03             NaN   6.6593824e+00   2.8681710e+00
   1.9674232e+03             NaN   5.5778626e+00   2.3862595e+00
   1.9674972e+03             NaN   5.3930769e+00   2.5807692e+00
   1.9675712e+03   4.2688442e-01   5.8423507e+00   3.2587687e+00
   1.9676451e+03   4.1066150e-01   6.1196891e+00   3.3309154e+00
   1.9677191e+03   3.4860863e-01   6.4590164e+00   2.9693443e+00
   1.9677931e+03   3.8068400e-01   6.4780449e+00   3.0344551e+00
   1.9678671e+03   3.6508494e-01   6.1380032e+00   3.1515298e+00
   1.9679410e+03   3.8110137e-01   6.9527778e+00   3.3388889e+00
   1.9680150e+03   2.4217374e-01   7.2280880e+00   2.6380711e+00
   1.9680887e+03   3.4616116e-01   6.9713166e+00   3.3727273e+00
   1.9681625e+03   2.2529027e-01   6.4629630e+00   2.7565657e+00
   1.9682363e+03   2.9056486e-01   5.9604134e+00   2.9370429e+00
   1.9683101e+03   3.1591131e-01   5.8734266e+00   3.2073427e+00
   1.9683838e+03   4.0766644e-01   6.5855513e+00   3.5549430e+00
   1.9684576e+03   3.3492719e-01   6.1416810e+00   3.1142367e+00
   1.9685314e+03   3.4411498e-01   5.3209386e+00   2.5415162e+00
   1.9686051e+03   3.5513245e-01   5.3998279e+00   2.7275387e+00
   1.9686789e+03   3.6774497e-01   6.1985560e+00   2.8787004e+00
   1.9687527e+03             NaN   5.2202509e+00   2.4718638e+00
   1.9688264e+03   4.9311179e-01   6.7163666e+00   3.4944354e+00
   1.9689002e+03   4.2892164e-01   6.8376000e+00   3.0804000e+00
   1.9689740e+03   3.6224411e-01   6.0578151e+00   2.6776471e+00
   1.9690479e+03   2.8574869e-01   5.6345238e+00   2.8656463e+00
   1.9691219e+03   3.1408993e-01   6.3996604e+00   2.8429542e+00
   1.9691958e+03   3.6487768e-01   7.5517382e+00   3.4693252e+00
   1.9692698e+03   3.8792930e-01   6.3971154e+00   3.3434615e+00
   1.9693438e+03             NaN   7.5265385e+00   3.4784615e+00
   1.9694178e+03             NaN   6.5024316e+00   3.5963526e+00
   1.9694917e+03   3.4304268e-01   5.2075510e+00   2.4289796e+00
   1.9695657e+03   2.7889876e-01   5.7595289e+00   2.4828694e+00
   1.9696397e+03   2.1251452e-01   5.5489224e+00   2.3032328e+00
   1.9697136e+03   2.9114562e-01   5.8462264e+00   2.6172170e+00
   1.9697876e+03             NaN   5.2483516e+00   2.5629121e+00
   1.9698616e+03             NaN   5.5190355e+00   2.6781726e+00
   1.9699356e+03   4.1461103e-01   6.5329832e+00   3.0302521e+00
   1.9700095e+03   3.4373766e-01   5.7153040e+00   2.5811321e+00
   1.9700835e+03   2.2574280e-01   5.0235160e+00   2.1577626e+00
   1.9701575e+03   3.5549162e-01   6.7761273e+00   2.9915119e+00
   1.9702314e+03   4.3328762e-01   6.7722408e+00   3.2535117e+00
   1.9703054e+03   4.0973410e-01   6.9810345e+00   2.9213793e+00
   1.9703794e+03             NaN   6.3558753e+00   3.1091127e+00
   1.9704534e+03             NaN   6.6130982e+00   2.8677582e+00
   1.9705273e+03             NaN   6.4380054e+00   3.1716981e+00
   1.9706013e+03             NaN   6.7941441e+00   3.4020270e+00
   1.9706753e+03             NaN   6.1528150e+00   2.7991957e+00
   1.9707493e+03             NaN   6.3746702e+00   2.7155673e+00
   1.9708232e+03             NaN   5.9764463e+00   2.3640496e+00
   1.9708972e+03   3.9742912e-01   6.4179775e+00   2.9337079e+00
   1.9709712e+03   4.1296133e-01   6.1288961e+00   2.9620130e+00
   1.9710451e+03   3.8247288e-01   6.1265306e+00   2.9819728e+00
   1.9711191e+03   4.6146573e-01   6.6544747e+00   3.5159533e+00
   1.9711931e+03   3.1776975e-01   5.4063433e+00   2.5589552e+00
   1.9712671e+03             NaN   5.8645545e+00   2.5988119e+00
   1.9713410e+03             NaN   6.8008493e+00   2.5598726e+00
   1.9714150e+03             NaN   5.4362725e+00   2.8785571e+00
   1.9714890e+03             NaN   5.7827465e+00   2.4441901e+00
   1.9715630e+03             NaN   6.3370000e+00   2.7792000e+00
   1.9716369e+03             NaN   5.9900901e+00   2.5040541e+00
   1.9717109e+03             NaN   5.4882576e+00   2.5352273e+00
   1.9717849e+03             NaN   6.0692537e+00   3.1922388e+00
   1.9718588e+03             NaN   5.9474860e+00   2.5991620e+00
   1.9719328e+03             NaN   6.7184953e+00   2.9379310e+00
   1.9720068e+03             NaN   5.6594030e+00   2.2776119e+00
   1.9720805e+03             NaN   6.4225207e+00   3.0305785e+00
   1.9721543e+03             NaN   6.6365812e+00   2.9333333e+00
   1.9722281e+03             NaN   6.9472763e+00   3.1968872e+00
   1.9723019e+03             NaN   5.6213768e+00   2.2820652e+00
   1.9723756e+03             NaN   6.1969283e+00   2.8890785e+00
   1.9724494e+03             NaN   6.3495784e+00   3.0973019e+00
   1.9725232e+03             NaN   5.8380783e+00   2.5097865e+00
   1.9725969e+03             NaN   6.9362069e+00   3.5515326e+00
   1.9726707e+03             NaN   6.7334608e+00   3.0315488e+00
   1.9727445e+03             NaN   5.9134647e+00   2.8871921e+00
   1.9728182e+03             NaN   7.0974775e+00   3.3331532e+00
   1.9728920e+03             NaN   5.9783154e+00   3.1229391e+00
   1.9729658e+03             NaN   6.6179310e+00   3.3200000e+00
   1.9730397e+03             NaN   6.7134106e+00   3.7947020e+00
   1.9731136e+03             NaN   6.5300000e+00   3.6272414e+00
   1.9731876e+03             NaN   6.3810193e+00   3.2987698e+00
   1.9732616e+03             NaN   7.7209591e+00   3.6488455e+00
   1.9733356e+03             NaN   6.9866545e+00   4.0389397e+00
   1.9734095e+03             NaN   6.6216696e+00   3.3408526e+00
   1.9734835e+03             NaN   5.8390741e+00   3.0151852e+00
   1.9735575e+03             NaN   6.0190476e+00   3.2327381e+00
   1.9736314e+03             NaN   5.3373737e+00   3.1856566e+00
   1.9737054e+03             NaN   6.6023346e+00   3.3784047e+00
   1.9737794e+03             NaN   5.2840964e+00   3.0727711e+00
   1.9738534e+03             NaN   5.9136622e+00   3.2833017e+00
   1.9739273e+03   3.7537150e-01   6.0685558e+00   2.8411335e+00
   1.9740013e+03   4.0813065e-01   5.9653310e+00   3.4451220e+00
   1.9740753e+03   4.4523704e-01   5.8604061e+00   3.2866328e+00
   1.9741493e+03   4.1674012e-01   6.1016667e+00   3.3365000e+00
   1.9742232e+03   4.2330493e-01   6.5918669e+00   3.6103512e+00
   1.9742972e+03   3.9689058e-01   6.0208981e+00   3.2689119e+00
   1.9743712e+03   5.0627485e-01   7.1623239e+00   4.1306338e+00
   1.9744451e+03   4.2210802e-01   6.5609984e+00   3.5444618e+00
   1.9745191e+03   4.2877512e-01   7.4832013e+00   3.7996830e+00
   1.9745931e+03   4.0923768e-01   6.3656195e+00   3.3261780e+00
   1.9746671e+03   4.8663517e-01   6.3683694e+00   3.4612967e+00
   1.9747410e+03   3.9113924e-01   6.9413953e+00   3.3653488e+00
   1.9748150e+03   3.9277871e-01   8.2400922e+00   3.6707373e+00
   1.9748890e+03   3.9762604e-01   7.3703608e+00   3.6252577e+00
   1.9749630e+03   3.9345844e-01   6.1185083e+00   3.5190608e+00
   1.9750369e+03   5.1380781e-01   7.0835073e+00   3.7555324e+00
   1.9751109e+03   3.4241533e-01   5.7122093e+00   2.7171512e+00
   1.9751849e+03   3.8767635e-01   5.3045593e+00   2.8246201e+00
   1.9752588e+03   2.9476167e-01   5.6127764e+00   2.7722359e+00
   1.9753328e+03   2.6854576e-01   5.5591880e+00   2.6448718e+00
   1.9754068e+03   2.8642659e-01   5.6664751e+00   2.7559387e+00
   1.9754808e+03   2.6738410e-01   4.8192534e+00   2.5681729e+00
   1.9755547e+03   3.3107020e-01   5.9925144e+00   3.0483685e+00
   1.9756287e+03   3.8679987e-01   6.2135802e+00   3.4155556e+00
   1.9757027e+03   3.1792800e-01   5.3988806e+00   2.8598881e+00
   1.9757767e+03   2.8628623e-01   5.2457421e+00   2.7111922e+00
   1.9758506e+03   4.2234786e-01   6.9780488e+00   3.8881098e+00
   1.9759246e+03   4.3384880e-01   6.6340984e+00   3.9075410e+00
   1.9759986e+03   3.9883546e-01   6.9548287e+00   3.3890966e+00
   1.9760723e+03   3.5918876e-01   6.3503704e+00   3.3511111e+00
   1.9761461e+03   4.1585241e-01   5.9138514e+00   3.3222973e+00
   1.9762199e+03   3.4145676e-01   5.2515625e+00   3.0134375e+00
   1.9762937e+03   3.1155844e-01   5.2978142e+00   2.9636612e+00
   1.9763674e+03   3.3784463e-01   5.6923810e+00   3.0826190e+00
   1.9764412e+03   2.9740540e-01   4.9767327e+00   2.7017327e+00
   1.9765150e+03   2.6982555e-01   5.0892183e+00   2.6854447e+00
   1.9765887e+03   2.8915818e-01   5.1210983e+00   2.7760116e+00
   1.9766625e+03   3.6711030e-01   4.9967742e+00   2.9029570e+00
   1.9767363e+03   3.0786427e-01   5.4102757e+00   3.0042607e+00
   1.9768101e+03   2.5714564e-01   4.8645333e+00   2.4568000e+00
   1.9768838e+03   3.8040877e-01   5.8868812e+00   3.2831683e+00
   1.9769576e+03   2.7666058e-01   5.6540059e+00   2.7017804e+00
   1.9770314e+03   3.9808400e-01   6.0904192e+00   3.2341317e+00
   1.9771054e+03   3.5603782e-01   6.3116071e+00   3.2083333e+00
   1.9771794e+03   3.8281843e-01   5.7570978e+00   3.0280757e+00
   1.9772534e+03   2.8880786e-01   5.3258523e+00   2.7241477e+00
   1.9773273e+03   2.4167650e-01   5.9699229e+00   2.5154242e+00
   1.9774013e+03   3.5238064e-01   5.4230179e+00   2.6795396e+00
   1.9774753e+03   3.5321432e-01   6.9133739e+00   3.5155015e+00
   1.9775493e+03   2.6768217e-01   4.8624183e+00   2.5277778e+00
   1.9776232e+03   3.5642583e-01   5.7812968e+00   3.1650873e+00
   1.9776972e+03   1.9570530e-01   6.0382488e+00   2.4520737e+00
   1.9777712e+03   3.5657077e-01   6.1531401e+00   3.0258454e+00
   1.9778451e+03   3.0831218e-01   6.2371968e+00   3.1765499e+00
   1.9779191e+03   2.9738412e-01   5.8165394e+00   2.6681934e+00
   1.9779931e+03   4.2896077e-01   6.5688679e+00   3.5242138e+00
   1.9780671e+03   3.7263976e-01   7.8935484e+00   3.4040323e+00
   1.9781410e+03   4.6647395e-01   7.8356877e+00   3.4814126e+00
   1.9782150e+03   4.3258631e-01   6.9198444e+00   3.7424125e+00
   1.9782890e+03   4.6397331e-01   7.4337793e+00   3.7040134e+00
   1.9783630e+03   4.3357163e-01   8.2695946e+00   3.8621622e+00
   1.9784369e+03   2.5778948e-01   7.2124555e+00   2.5996441e+00
   1.9785109e+03   4.1663933e-01   7.1602094e+00   3.9136126e+00
   1.9785849e+03   2.8327958e-01   6.3106897e+00   2.9472414e+00
   1.9786588e+03   2.9843132e-01   6.3879173e+00   3.0825119e+00
   1.9787328e+03   3.0870912e-01   6.4029549e+00   3.1259720e+00
   1.9788068e+03   3.0014466e-01   7.0759554e+00   3.3103503e+00
   1.9788808e+03   3.2851767e-01   7.1323944e+00   3.3719875e+00
   1.9789547e+03   3.3458709e-01   7.3605388e+00   3.3541997e+00
   1.9790287e+03   3.9128612e-01   7.8441786e+00   3.7515152e+00
   1.9791027e+03   4.6079949e-01   7.8161085e+00   4.0580542e+00
   1.9791767e+03   4.4053236e-01   8.0909677e+00   4.0141935e+00
   1.9792506e+03   4.9358134e-01   9.5041534e+00   4.7217252e+00
   1.9793246e+03   4.4061205e-01   7.5898596e+00   4.1081123e+00
   1.9793986e+03   4.7435127e-01   7.9094574e+00   4.0879070e+00
   1.9794725e+03   4.1330163e-01   7.1266458e+00   3.7992163e+00
   1.9795465e+03   3.8657613e-01   7.0948995e+00   3.6868624e+00
   1.9796205e+03   3.5165371e-01   7.1679749e+00   3.6395604e+00
   1.9796945e+03   3.0297758e-01   7.5687204e+00   3.2161137e+00
   1.9797684e+03   3.9404733e-01   7.1100494e+00   3.5802306e+00
   1.9798424e+03   3.8132078e-01   7.8074450e+00   3.3725888e+00
   1.9799164e+03   1.8970000e-01   6.6718850e+00   2.4167732e+00
   1.9799904e+03   2.9973074e-01   6.9101613e+00   3.0379032e+00
   1.9800642e+03   3.1919223e-01   7.1401361e+00   3.2448980e+00
   1.9801379e+03   2.9539110e-01   7.0473230e+00   2.7089810e+00
   1.9802117e+03   3.4230672e-01   6.2441034e+00   2.7720517e+00
   1.9802855e+03   3.5374086e-01   6.1516535e+00   2.8524409e+00
   1.9803592e+03   3.1803007e-01   6.2882353e+00   2.5907790e+00
   1.9804330e+03   3.9194077e-01   7.0395731e+00   3.1254516e+00
   1.9805068e+03   3.2077084e-01   6.4592334e+00   2.8088850e+00
   1.9805805e+03   3.9037859e-01   6.4791958e+00   3.0998252e+00
   1.9806543e+03   3.3123336e-01   7.0223127e+00   2.8786645e+00
   1.9807281e+03   3.5720978e-01   6.5683955e+00   3.1239870e+00
   1.9808019e+03   4.2159529e-01   7.4801262e+00   3.5400631e+00
   1.9808756e+03   4.6268120e-01   7.6636800e+00   3.9665600e+00
   1.9809494e+03   5.5566858e-01   8.8508661e+00   4.4003150e+00
   1.9810232e+03   5.1704543e-01   7.1921725e+00   3.7049521e+00
   1.9810972e+03   5.0776368e-01   7.9926518e+00   3.9301917e+00
   1.9811712e+03   4.7095055e-01   8.5650350e+00   3.9153846e+00
   1.9812451e+03   4.8199054e-01   7.6873720e+00   3.9959044e+00
   1.9813191e+03   4.8338588e-01   7.7360841e+00   3.7766990e+00
   1.9813931e+03   4.3056839e-01   7.8838366e+00   3.4611012e+00
   1.9814671e+03   4.2225369e-01   7.4296238e+00   3.4937304e+00
   1.9815410e+03   4.4496511e-01   7.4860063e+00   3.5600629e+00
   1.9816150e+03   5.0785054e-01   7.8215385e+00   4.0023932e+00
   1.9816890e+03   4.0704238e-01   7.6498339e+00   3.5602990e+00
   1.9817630e+03   5.2939612e-01   8.6988782e+00   4.2746795e+00
   1.9818369e+03   5.5208954e-01   9.0173285e+00   4.4799639e+00
   1.9819109e+03   3.7122707e-01   7.5620102e+00   3.3695060e+00
   1.9819849e+03   3.9814641e-01   7.1176277e+00   3.3469522e+00
   1.9820588e+03   4.4748028e-01   8.1432387e+00   3.6681135e+00
   1.9821328e+03   5.7955522e-01   1.0147573e+01   4.5849515e+00
   1.9822068e+03   5.0860141e-01   7.7855311e+00   3.8732601e+00
   1.9822808e+03   5.1208750e-01   8.7477387e+00   4.2159129e+00
   1.9823547e+03   5.1736064e-01   7.4204545e+00   4.1509740e+00
   1.9824287e+03   5.9089631e-01   7.9708402e+00   4.6917628e+00
   1.9825027e+03   7.1589246e-01   1.0076166e+01   5.7271157e+00
   1.9825767e+03   8.1922577e-01   1.0507880e+01   6.5635870e+00
   1.9826506e+03   5.3124927e-01   8.3132701e+00   4.8644550e+00
   1.9827246e+03             NaN   9.5864407e+00   4.2419492e+00
   1.9827986e+03             NaN   8.4070312e+00   4.4765625e+00
   1.9828725e+03             NaN   8.5402337e+00   4.0317195e+00
   1.9829465e+03             NaN   1.0130053e+01   4.1648506e+00
   1.9830205e+03             NaN   8.0320988e+00   4.1592593e+00
   1.9830945e+03             NaN   7.4393064e+00   4.6213873e+00
   1.9831684e+03   4.9232877e-01   8.7497268e+00   4.4704918e+00
   1.9832424e+03   4.8140068e-01   6.9251185e+00   4.2279621e+00
   1.9833164e+03   4.7996319e-01   7.9842342e+00   4.4427928e+00
   1.9833904e+03   5.7840337e-01   9.3032374e+00   4.7787770e+00
   1.9834643e+03   5.2382226e-01   8.7930894e+00   4.5394309e+00
   1.9835383e+03   4.4235841e-01   8.0000000e+00   3.9402490e+00
   1.9836123e+03   3.0472222e-01   6.8046875e+00   3.1558594e+00
   1.9836862e+03   3.9154298e-01   6.5604000e+00   3.5536000e+00
   1.9837602e+03   4.6796071e-01   8.3428986e+00   4.5089855e+00
   1.9838342e+03   3.8595260e-01   7.8567416e+00   3.7351124e+00
   1.9839082e+03   4.8573977e-01   7.7916107e+00   4.3130872e+00
   1.9839821e+03   3.6346200e-01   8.1848387e+00   3.5600000e+00
   1.9840560e+03   4.2033270e-01   7.5741228e+00   3.6438596e+00
   1.9841297e+03   5.1867534e-01   8.3387755e+00   4.4581633e+00
   1.9842035e+03   4.6204794e-01   7.9736641e+00   4.2381679e+00
   1.9842773e+03   5.6487863e-01   6.9182796e+00   4.4064516e+00
   1.9843510e+03   6.1706116e-01   9.2930556e+00   5.4907407e+00
   1.9844248e+03   5.3481752e-01   8.4420765e+00   4.7480874e+00
   1.9844986e+03   4.6539554e-01   7.8337778e+00   4.0386667e+00
   1.9845723e+03   3.6461538e-01   6.4300971e+00   3.6975728e+00
   1.9846461e+03   4.0361612e-01   7.7306250e+00   4.0275000e+00
   1.9847199e+03   6.6346261e-01   8.7056962e+00   5.4424051e+00
   1.9847937e+03   4.8973939e-01   7.7228395e+00   4.3987654e+00
   1.9848674e+03   5.8885021e-01   1.0118947e+01   5.2294737e+00
   1.9849412e+03   5.7449912e-01   7.0262500e+00   4.3762500e+00
   1.9850150e+03   3.5289570e-01   5.6160377e+00   3.2066038e+00
   1.9850890e+03   5.3123123e-01   7.0012821e+00   4.2576923e+00
   1.9851630e+03   2.9890010e-01   6.2125000e+00   2.8839286e+00
   1.9852369e+03   2.8655172e-01   5.7187755e+00   2.8710204e+00
   1.9853109e+03   4.1009731e-01   6.0456338e+00   3.4301408e+00
   1.9853849e+03   3.6728189e-01   5.5325956e+00   3.0553320e+00
   1.9854588e+03   3.5512255e-01   5.4212341e+00   2.8337568e+00
   1.9855328e+03   4.1880155e-01   5.8972789e+00   3.4170068e+00
   1.9856068e+03   3.4359592e-01   5.9012685e+00   3.2143763e+00
   1.9856808e+03   3.2308139e-01   5.5560000e+00   2.9248889e+00
   1.9857547e+03   4.1613490e-01   6.0603406e+00   3.5257908e+00
   1.9858287e+03   3.4521714e-01   6.3102941e+00   3.3147059e+00
   1.9859027e+03   3.1884855e-01   5.4779412e+00   2.9583333e+00
   1.9859767e+03   3.1226507e-01   5.5200000e+00   2.8347059e+00
   1.9860506e+03   3.6497453e-01   5.1420833e+00   3.0241667e+00
   1.9861246e+03   6.0157597e-01   8.3540373e+00   4.7236025e+00
   1.9861986e+03   4.2202328e-01   6.0540816e+00   3.6831633e+00
   1.9862725e+03   3.6933948e-01   5.6769492e+00   3.1738983e+00
   1.9863465e+03   3.3080971e-01   5.5800000e+00   3.0498361e+00
   1.9864205e+03   3.1709454e-01   5.3155224e+00   3.0176119e+00
   1.9864945e+03   2.9692348e-01   5.3133739e+00   2.6784195e+00
   1.9865684e+03   2.6014278e-01   5.2454849e+00   2.7692308e+00
   1.9866424e+03   3.2583498e-01   5.4388316e+00   3.0158076e+00
   1.9867164e+03   3.4274411e-01   5.9213178e+00   3.0604651e+00
   1.9867904e+03   3.2485190e-01   5.5042857e+00   3.0339286e+00
   1.9868643e+03   3.4349769e-01   6.8304659e+00   3.1752688e+00
   1.9869383e+03   2.8640296e-01   5.8982270e+00   2.8801418e+00
   1.9870123e+03   2.9809923e-01   5.2318966e+00   2.8439655e+00
   1.9870862e+03   3.7554700e-01   5.8262097e+00   3.2858871e+00
   1.9871602e+03   3.4411933e-01   5.5731707e+00   3.2434959e+00
   1.9872342e+03   3.5805681e-01   5.9374101e+00   3.2399281e+00
   1.9873082e+03   3.3056169e-01   5.1884211e+00   2.6719298e+00
   1.9873821e+03   1.8757156e-01   4.8624183e+00   1.9601307e+00
   1.9874561e+03   3.3073277e-01   5.9435374e+00   3.1785714e+00
   1.9875301e+03   3.0195412e-01   5.7174216e+00   2.8331010e+00
   1.9876041e+03   3.3929201e-01   6.0596273e+00   3.2372671e+00
   1.9876780e+03   4.6604273e-01   7.6250951e+00   4.3140684e+00
   1.9877520e+03   4.1299909e-01   7.6278226e+00   3.4681452e+00
   1.9878260e+03   2.6059969e-01   6.2381877e+00   3.0809061e+00
   1.9878999e+03   3.5733740e-01   7.0955631e+00   3.6167235e+00
   1.9879739e+03   4.1290809e-01   7.0894545e+00   3.7785455e+00
   1.9880478e+03   4.0363159e-01   8.3427007e+00   3.3645985e+00
   1.9881215e+03   3.2609384e-01   7.4937269e+00   3.0402214e+00
   1.9881953e+03   3.2435677e-01   6.4326613e+00   3.2891129e+00
   1.9882691e+03   4.1661987e-01   6.8896552e+00   3.5732759e+00
   1.9883428e+03   4.7476864e-01   8.4127413e+00   4.2787645e+00
   1.9884166e+03   3.7747268e-01   6.4448905e+00   3.5284672e+00
   1.9884904e+03   4.5180029e-01   8.1166667e+00   3.9909722e+00
   1.9885642e+03   3.8990201e-01   7.3159851e+00   3.5520446e+00
   1.9886379e+03   3.6198841e-01   6.9608844e+00   3.5316327e+00
   1.9887117e+03   4.1617496e-01   6.6958904e+00   3.6366438e+00
   1.9887855e+03   3.5883314e-01   7.6228669e+00   3.6412969e+00
   1.9888592e+03   3.5045740e-01   7.1729730e+00   3.2492492e+00
   1.9889330e+03   3.5478599e-01   7.0055728e+00   3.3705882e+00
   1.9890068e+03   4.5000982e-01   7.5188119e+00   4.0099010e+00
   1.9890808e+03   3.1945122e-01   6.0634483e+00   3.1013793e+00
   1.9891547e+03   3.5875438e-01   7.9273543e+00   4.0681614e+00
   1.9892287e+03   6.0475659e-01   9.8697778e+00   5.4515556e+00
   1.9893027e+03   5.7783181e-01   9.5823944e+00   4.9496479e+00
   1.9893767e+03   4.3771259e-01   7.3362595e+00   4.0335878e+00
   1.9894506e+03   4.8058052e-01   7.7076471e+00   3.9905882e+00
   1.9895246e+03   3.1600162e-01   5.9674576e+00   2.9227119e+00
   1.9895986e+03   3.8595283e-01   6.7705202e+00   3.3748555e+00
   1.9896725e+03   3.3255606e-01   8.6464706e+00   3.3955882e+00
   1.9897465e+03   4.8329611e-01   8.1903448e+00   4.1251724e+00
   1.9898205e+03   5.9740931e-01   9.5970674e+00   5.2436950e+00
   1.9898945e+03   6.0565418e-01   1.0448148e+01   5.0851852e+00
   1.9899684e+03   4.4954440e-01   8.6238390e+00   4.3931889e+00
   1.9900424e+03   4.3986478e-01   7.6749049e+00   3.9536122e+00
   1.9901164e+03   5.9507271e-01   8.9182131e+00   4.9439863e+00
   1.9901904e+03   4.4898218e-01   8.0115108e+00   4.1388489e+00
   1.9902643e+03   4.5896802e-01   8.0386139e+00   4.0762376e+00
   1.9903383e+03   3.8338825e-01   7.0989637e+00   3.4663212e+00
   1.9904123e+03   5.1030063e-01   8.2622490e+00   4.6943775e+00
   1.9904862e+03   3.4006877e-01   6.8600733e+00   3.2802198e+00
   1.9905602e+03   3.9668890e-01   6.5443333e+00   3.4366667e+00
   1.9906342e+03   4.2734005e-01   7.3931250e+00   3.6968750e+00
   1.9907082e+03   3.1039397e-01   6.3812500e+00   2.9974265e+00
   1.9907821e+03   3.2603021e-01   6.5814241e+00   3.4213622e+00
   1.9908561e+03   3.4152994e-01   6.7972973e+00   3.3833977e+00
   1.9909301e+03   4.6099651e-01   6.6403785e+00   3.7593060e+00
   1.9910041e+03   3.8776229e-01   7.3308970e+00   3.3142857e+00
   1.9910780e+03   2.9778063e-01   7.0569288e+00   2.8895131e+00
   1.9911520e+03   4.3685399e-01   8.1736264e+00   4.0622711e+00
   1.9912260e+03   5.9233226e-01   8.9781915e+00   4.7218085e+00
   1.9912999e+03   4.7936669e-01   8.8908257e+00   4.3311927e+00
   1.9913739e+03   4.5959545e-01   8.9828794e+00   3.8521401e+00
   1.9914479e+03   6.8978592e-01   1.1637288e+01   5.7936441e+00
   1.9915219e+03   4.8721769e-01   8.4249042e+00   4.2237548e+00
   1.9915958e+03   7.5691546e-01   1.0048980e+01   6.1812925e+00
   1.9916698e+03   6.7737491e-01   1.0806579e+01   5.7013158e+00
   1.9917438e+03   5.9641588e-01   9.5544601e+00   5.2563380e+00
   1.9918178e+03   5.8369647e-01   1.1104967e+01   5.0500000e+00
   1.9918917e+03   5.3710723e-01   8.9449814e+00   4.4840149e+00
   1.9919657e+03   7.1324287e-01   9.7383513e+00   5.8315412e+00
   1.9920396e+03   5.1132885e-01   9.9713235e+00   4.6198529e+00
   1.9921133e+03   4.7260597e-01   1.0365870e+01   4.4085324e+00
   1.9921871e+03   5.0036704e-01   9.4006969e+00   4.3327526e+00
   1.9922609e+03   4.7839163e-01   8.5549107e+00   4.2035714e+00
   1.9923346e+03   6.6220846e-01   9.7875000e+00   5.5441667e+00
   1.9924084e+03   3.7838385e-01   8.0028340e+00   3.6190283e+00
   1.9924822e+03   3.7342380e-01   6.8697819e+00   3.5971963e+00
   1.9925560e+03   3.0354285e-01   6.1724138e+00   2.8520115e+00
   1.9926297e+03   3.4733557e-01   6.8931034e+00   3.2228448e+00
   1.9927035e+03   4.3475759e-01   7.9174157e+00   3.7539326e+00
   1.9927773e+03   5.2284716e-01   7.3849462e+00   4.4048387e+00
   1.9928510e+03   3.9659925e-01   8.7404878e+00   3.7380488e+00
   1.9929248e+03   4.3570166e-01   7.8716495e+00   3.9685567e+00
   1.9929986e+03   5.3421355e-01   9.0400000e+00   4.1484848e+00
   1.9930725e+03   3.3993461e-01   5.7845455e+00   3.2918182e+00
   1.9931465e+03   3.9275950e-01   6.4756410e+00   3.6239316e+00
   1.9932205e+03   5.2068004e-01   7.8888430e+00   4.4041322e+00
   1.9932945e+03   3.2003771e-01   6.0429448e+00   3.1809816e+00
   1.9933684e+03   4.7993118e-01   7.0373057e+00   4.2041451e+00
   1.9934424e+03   3.7756580e-01   7.0483740e+00   3.4918699e+00
   1.9935164e+03   2.8128352e-01   6.3130435e+00   2.9206522e+00
   1.9935904e+03   3.6766520e-01   6.1569930e+00   3.3674825e+00
   1.9936643e+03   2.2073707e-01   6.1218605e+00   2.7674419e+00
   1.9937383e+03   4.0362881e-01   6.6550898e+00   3.4562874e+00
   1.9938123e+03   3.2584259e-01   5.7216216e+00   3.1989189e+00
   1.9938862e+03   3.7211297e-01   5.7276382e+00   3.2743719e+00
   1.9939602e+03   5.5064265e-01   7.6612500e+00   4.3358333e+00
   1.9940342e+03   4.5314792e-01   6.7195122e+00   3.6087805e+00
   1.9941082e+03   4.6860220e-01   7.9710317e+00   4.0960317e+00
   1.9941821e+03   4.2231321e-01   7.4506536e+00   3.7316993e+00
   1.9942561e+03   4.7744123e-01   6.3650735e+00   3.7661765e+00
   1.9943301e+03   3.2542158e-01   6.2103774e+00   3.1094340e+00
   1.9944041e+03   3.3680796e-01   5.6857881e+00   3.1922481e+00
   1.9944780e+03   3.2334133e-01   5.2323615e+00   3.0810496e+00
   1.9945520e+03   3.1226875e-01   4.9386431e+00   2.9141593e+00
   1.9946260e+03   2.6059690e-01   5.8870722e+00   2.6479087e+00
   1.9946999e+03   3.7144266e-01   6.1870968e+00   3.4602151e+00
   1.9947739e+03   3.1407077e-01   6.1446009e+00   3.1610329e+00
   1.9948479e+03   3.0613075e-01   6.2104938e+00   3.0604938e+00
   1.9949219e+03   4.0400830e-01   6.3114566e+00   3.1824877e+00
   1.9949958e+03   3.1181962e-01   5.8181524e+00   2.8106969e+00
   1.9950698e+03   3.2139686e-01   6.0704114e+00   3.0781646e+00
   1.9951438e+03   2.6650529e-01   6.6044892e+00   2.9317337e+00
   1.9952178e+03   2.3345190e-01   5.9405024e+00   2.6034537e+00
   1.9952917e+03   3.1579551e-01   5.9132716e+00   2.8804012e+00
   1.9953657e+03   2.8123799e-01   5.9711420e+00   3.0507716e+00
   1.9954397e+03   3.0098203e-01   5.6930556e+00   3.0945988e+00
   1.9955136e+03   2.8379541e-01   5.3623256e+00   2.7379845e+00
   1.9955876e+03   2.4590367e-01   5.3783617e+00   2.6743431e+00
   1.9956616e+03   2.7220111e-01   5.1074883e+00   2.5419657e+00
   1.9957356e+03   2.4188266e-01   5.5707472e+00   2.6914149e+00
   1.9958095e+03   2.9142635e-01   6.3470679e+00   2.9765432e+00
   1.9958835e+03   2.1558005e-01   4.8205980e+00   2.3950166e+00
   1.9959575e+03   2.4330808e-01   5.5427632e+00   2.5796053e+00
   1.9960314e+03   2.6860617e-01   4.7744337e+00   2.6273463e+00
   1.9961051e+03   3.4162638e-01   5.2438272e+00   3.0740741e+00
   1.9961789e+03   2.9873492e-01   5.0711420e+00   2.7401235e+00
   1.9962527e+03   3.0734511e-01   4.9985915e+00   2.9126761e+00
   1.9963264e+03   2.2146016e-01   4.2660407e+00   2.3114241e+00
   1.9964002e+03   2.7712780e-01   5.2828439e+00   2.6941267e+00
   1.9964740e+03   2.3415774e-01   5.0118827e+00   2.3407407e+00
   1.9965478e+03   2.6759165e-01   5.1673947e+00   2.5620905e+00
   1.9966215e+03   2.8996464e-01   5.1121914e+00   2.7583333e+00
   1.9966953e+03   2.7328180e-01   5.3219969e+00   2.8875195e+00
   1.9967691e+03   2.4940755e-01   5.3577160e+00   2.8007716e+00
   1.9968428e+03   2.5923359e-01   5.2132911e+00   2.6436709e+00
   1.9969166e+03   2.8952476e-01   5.3960937e+00   2.9704687e+00
   1.9969904e+03   2.7829542e-01   5.1977891e+00   2.7428571e+00
   1.9970643e+03   2.9111605e-01   5.6001550e+00   2.9786047e+00
   1.9971383e+03   2.4935603e-01   5.3264297e+00   2.7177743e+00
   1.9972123e+03   2.6224993e-01   4.6457364e+00   2.3902326e+00
   1.9972862e+03   2.8005990e-01   5.6680556e+00   2.7072531e+00
   1.9973602e+03   2.3553218e-01   4.9396605e+00   2.4662037e+00
   1.9974342e+03   1.8496127e-01   5.3220126e+00   1.8902516e+00
   1.9975082e+03   2.1000928e-01   5.3940157e+00   2.4321260e+00
   1.9975821e+03   2.4267344e-01   4.9871517e+00   2.3961300e+00
   1.9976561e+03   2.3850841e-01   4.9759554e+00   2.4179936e+00
   1.9977301e+03   2.5151326e-01   6.2625608e+00   2.9504052e+00
   1.9978041e+03   2.5203313e-01   5.9466989e+00   2.7296296e+00
   1.9978780e+03   2.8379054e-01   6.8245370e+00   2.8266975e+00
   1.9979520e+03   2.8215063e-01   5.8484472e+00   2.6953416e+00
   1.9980260e+03   3.0632710e-01   6.8240741e+00   3.0083333e+00
   1.9980999e+03   4.1903174e-01   6.6569444e+00   3.5692901e+00
   1.9981739e+03   2.3897921e-01   6.2023148e+00   2.7475309e+00
   1.9982479e+03   3.1429017e-01   6.7543210e+00   3.2635802e+00
   1.9983219e+03   4.3367069e-01   7.5453704e+00   3.8608025e+00
   1.9983958e+03   2.8163069e-01   6.5077160e+00   2.9550926e+00
   1.9984698e+03   3.0192014e-01   7.0205247e+00   3.1518519e+00
   1.9985438e+03   2.6559548e-01   5.8578704e+00   2.8467593e+00
   1.9986178e+03   3.6411932e-01   7.4822531e+00   3.4608025e+00
   1.9986917e+03   3.1954797e-01   6.4445988e+00   3.1523148e+00
   1.9987657e+03   3.7376226e-01   7.2277778e+00   3.7921296e+00
   1.9988397e+03   3.2406401e-01   8.1009259e+00   3.3595679e+00
   1.9989136e+03   4.2558125e-01   6.7523220e+00   3.7732198e+00
   1.9989876e+03   2.9166633e-01   7.2912037e+00   3.0091049e+00
   1.9990616e+03   3.2648565e-01   7.2040123e+00   3.5307099e+00
   1.9991356e+03   3.3065263e-01   7.7211420e+00   3.5216049e+00
   1.9992095e+03   3.2591842e-01   7.0962963e+00   3.4325617e+00
   1.9992835e+03   2.8734664e-01   6.5504630e+00   2.9552469e+00
   1.9993575e+03   2.6321747e-01   5.8274691e+00   2.9115741e+00
   1.9994314e+03   2.6947884e-01   5.7308642e+00   2.8108025e+00
   1.9995054e+03   2.4617869e-01   5.9120370e+00   2.5983025e+00
   1.9995794e+03   2.8427050e-01   6.6907407e+00   2.9629630e+00
   1.9996534e+03   3.5131296e-01   7.0121914e+00   3.4327160e+00
   1.9997273e+03   3.5774886e-01   7.2702160e+00   3.4507716e+00
   1.9998013e+03   4.0068396e-01   7.3172840e+00   3.7075617e+00
   1.9998753e+03   3.2295724e-01   7.3850962e+00   3.2625000e+00
   1.9999493e+03   3.5299284e-01   7.4052469e+00   3.5171296e+00
   2.0000232e+03   3.2967088e-01   6.5524691e+00   3.4987654e+00
   2.0000972e+03   4.2603487e-01   7.4601852e+00   3.9183642e+00
   2.0001712e+03   3.2319134e-01   6.9547840e+00   3.3938272e+00
   2.0002451e+03   3.0150563e-01   7.0524691e+00   3.1699074e+00
   2.0003191e+03   3.3036901e-01   6.8591049e+00   3.4418210e+00
   2.0003931e+03   3.5129115e-01   6.9908951e+00   3.5243827e+00
   2.0004671e+03   3.5515269e-01   7.3334877e+00   3.6158951e+00
   2.0005410e+03   2.9029189e-01   8.6342593e+00   3.2364198e+00
   2.0006150e+03   3.4073190e-01   7.6532407e+00   3.3919753e+00
   2.0006890e+03   4.0733803e-01   7.3881173e+00   3.7976852e+00
   2.0007630e+03   2.9923670e-01   7.2412037e+00   3.1933642e+00
   2.0008369e+03   3.4151730e-01   7.6746914e+00   3.3348765e+00
   2.0009109e+03   3.2301681e-01   6.7856481e+00   3.2452160e+00
   2.0009849e+03   2.4567691e-01   5.9702160e+00   2.6260802e+00
   2.0010561e+03   2.3764839e-01   5.9663580e+00   2.5141975e+00
   2.0011301e+03   2.4310255e-01   5.5121914e+00   2.4725309e+00
   2.0012041e+03   2.7305676e-01   7.0662037e+00   2.6817901e+00
   2.0012780e+03   3.9413898e-01   8.2304012e+00   3.7479938e+00
   2.0013520e+03   3.7723110e-01   6.9719136e+00   3.6160494e+00
   2.0014260e+03   2.7000244e-01   6.6990741e+00   2.9140432e+00
   2.0014999e+03   3.0547625e-01   6.2967593e+00   2.9564815e+00
   2.0015739e+03   2.7632925e-01   6.2850309e+00   2.9777778e+00
   2.0016479e+03   3.0861784e-01   6.7563272e+00   3.3367284e+00
   2.0017219e+03   3.5458545e-01   7.2851852e+00   3.3770062e+00
   2.0017958e+03   3.3425237e-01   6.9672840e+00   3.4200617e+00
   2.0018698e+03   4.0683625e-01   8.1683642e+00   3.7203704e+00
   2.0019438e+03   2.9936760e-01   7.1910494e+00   3.2131173e+00
   2.0020178e+03   4.5018586e-01   8.0049383e+00   4.2305556e+00
   2.0020917e+03   3.9848048e-01   7.3322531e+00   3.9895062e+00
   2.0021657e+03   4.6561021e-01   7.7524691e+00   4.2589506e+00
   2.0022397e+03   2.5785058e-01   7.4118827e+00   3.0544753e+00
   2.0023136e+03   3.9793507e-01   7.9361111e+00   3.9523148e+00
   2.0023876e+03   4.6231590e-01   7.7141975e+00   4.2016975e+00
   2.0024616e+03   2.7194411e-01   6.2887346e+00   2.9962963e+00
   2.0025356e+03   3.8085266e-01   6.3609568e+00   3.5614198e+00
   2.0026095e+03   2.8915742e-01   7.8354938e+00   3.0007716e+00
   2.0026835e+03   3.8189986e-01   8.0132716e+00   3.7504630e+00
   2.0027575e+03   3.6573374e-01   9.1310185e+00   3.6783951e+00
   2.0028314e+03   5.0453105e-01   8.0587963e+00   4.6450617e+00
   2.0029054e+03   4.1451570e-01   7.8567901e+00   3.8327160e+00
   2.0029794e+03   3.7819103e-01   7.9800926e+00   4.1629630e+00
   2.0030534e+03   4.2566399e-01   8.2041667e+00   4.0395062e+00
   2.0031273e+03   4.2278419e-01   7.7523148e+00   4.0802469e+00
   2.0032013e+03   4.0914881e-01   7.3679012e+00   3.8501543e+00
   2.0032753e+03   3.4876042e-01   7.1182099e+00   3.4807099e+00
   2.0033493e+03   4.1828997e-01   6.8283951e+00   3.8066358e+00
   2.0034232e+03   3.9786962e-01   7.7083333e+00   3.8138889e+00
   2.0034972e+03   4.0869066e-01   7.3783951e+00   3.8441358e+00
   2.0035712e+03   4.3949572e-01   7.6529321e+00   4.1561728e+00
   2.0036451e+03   4.0965059e-01   7.7470679e+00   3.9941358e+00
   2.0037191e+03   3.5203291e-01   6.3916667e+00   3.6368827e+00
   2.0037931e+03   5.1236322e-01   8.9481481e+00   4.5580247e+00
   2.0038671e+03   4.7562404e-01   8.5859568e+00   4.2418210e+00
   2.0039410e+03   3.8678678e-01   7.2342593e+00   3.9532407e+00
   2.0040150e+03   4.6571929e-01   7.5964506e+00   4.2787037e+00
   2.0040887e+03   4.7564585e-01   7.6018519e+00   4.3334877e+00
   2.0041625e+03   3.3933564e-01   6.4382716e+00   3.4817901e+00
   2.0042363e+03   2.8226337e-01   6.5776235e+00   3.2094136e+00
   2.0043101e+03   3.0368729e-01   6.2168210e+00   3.1722222e+00
   2.0043838e+03   3.1106131e-01   5.9682099e+00   2.8776235e+00
   2.0044576e+03   2.8957194e-01   5.7192901e+00   2.9546296e+00
   2.0045314e+03   3.1928617e-01   6.8362654e+00   3.1898148e+00
   2.0046051e+03   2.4534966e-01   6.3254630e+00   2.8953704e+00
   2.0046789e+03   2.9258263e-01   6.0154321e+00   3.1158951e+00
   2.0047527e+03   2.3361232e-01   5.6896605e+00   2.6467593e+00
   2.0048264e+03   2.5353089e-01   6.8228395e+00   2.6598765e+00
   2.0049002e+03   2.9989120e-01   6.4728395e+00   3.2935185e+00
   2.0049740e+03   3.6006142e-01   7.3206790e+00   3.6879630e+00
   2.0050479e+03   3.9647336e-01   7.8671296e+00   3.9263889e+00
   2.0051219e+03   3.2724923e-01   6.5612654e+00   3.4057099e+00
   2.0051958e+03   3.1219577e-01   6.1455247e+00   3.1773148e+00
   2.0052698e+03   2.3856469e-01   5.2799383e+00   2.7054012e+00
   2.0053438e+03   4.8262717e-01   7.0208333e+00   4.1873457e+00
   2.0054178e+03   2.3797564e-01   6.7547840e+00   2.7973765e+00
   2.0054917e+03   2.8917924e-01   6.5699074e+00   3.1049383e+00
   2.0055657e+03   2.9825495e-01   6.1856481e+00   3.0339506e+00
   2.0056397e+03   2.6419922e-01   6.5993827e+00   3.0216049e+00
   2.0057136e+03   2.5599617e-01   5.6831790e+00   2.8094136e+00
   2.0057876e+03   2.5215644e-01   5.0675926e+00   2.6870370e+00
   2.0058616e+03   2.4460789e-01   5.4087963e+00   2.7236111e+00
   2.0059356e+03   3.4228088e-01   5.9455247e+00   3.1677469e+00
   2.0060095e+03   2.2844178e-01   5.7194444e+00   2.5804012e+00
   2.0060835e+03   2.1812252e-01   5.2564815e+00   2.4805556e+00
   2.0061575e+03   1.7568921e-01   4.9621914e+00   2.3993827e+00
   2.0062314e+03   1.9290252e-01   4.8430556e+00   2.3384259e+00
   2.0063054e+03   2.4150994e-01   5.3439815e+00   2.5983025e+00
   2.0063794e+03   1.8760108e-01   4.7657407e+00   2.4493827e+00
   2.0064534e+03   2.1264655e-01   4.5958333e+00   2.2878086e+00
   2.0065273e+03   1.8197239e-01   4.7220679e+00   2.2243827e+00
   2.0066013e+03   2.0699605e-01   5.2089506e+00   2.3754630e+00
   2.0066753e+03   2.0287271e-01   4.9217593e+00   2.3765432e+00
   2.0067493e+03   1.9185532e-01   4.6884259e+00   2.2853395e+00
   2.0068232e+03   1.4043355e-01   4.5066358e+00   2.0445988e+00
   2.0068972e+03   1.7274396e-01   5.8291667e+00   2.3580247e+00
   2.0069712e+03   2.6210482e-01   5.1554012e+00   2.6141975e+00
   2.0070451e+03   2.6110126e-01   5.0645062e+00   2.7040123e+00
   2.0071191e+03   1.6925330e-01   4.5603395e+00   2.1813272e+00
   2.0071931e+03   1.4662947e-01   4.7837963e+00   2.0192901e+00
   2.0072671e+03   1.7318030e-01   4.3490741e+00   2.0875000e+00
   2.0073410e+03   1.5703600e-01   4.0219136e+00   1.9047840e+00
   2.0074150e+03   2.1495911e-01   5.2145062e+00   2.5131173e+00
   2.0074890e+03   2.0972313e-01   4.4158951e+00   2.4138889e+00
   2.0075630e+03   1.8223419e-01   4.2246914e+00   2.2328704e+00
   2.0076369e+03   1.6944965e-01   4.4038580e+00   2.0930556e+00
   2.0077109e+03   1.4503686e-01   4.1608025e+00   1.9260802e+00
   2.0077849e+03   1.2756175e-01   4.0804012e+00   1.8851852e+00
   2.0078588e+03   1.8875736e-01   4.6117284e+00   2.2657407e+00
   2.0079328e+03   1.4863660e-01   4.0901235e+00   1.9697531e+00
   2.0080068e+03   2.1914790e-01   4.3623457e+00   2.3291667e+00
   2.0080805e+03   2.3376504e-01   4.5216049e+00   2.3104938e+00
   2.0081543e+03   1.9866210e-01   4.4466049e+00   2.2029321e+00
   2.0082281e+03   2.0952678e-01   4.3294753e+00   2.2183642e+00
   2.0083019e+03   1.9567323e-01   4.3066358e+00   2.1081790e+00
   2.0083756e+03   1.9080812e-01   4.1566358e+00   2.1699074e+00
   2.0084494e+03   1.5779958e-01   4.0368827e+00   2.0668210e+00
   2.0085232e+03   1.2723450e-01   4.0609568e+00   1.7939815e+00
   2.0085969e+03   1.7797995e-01   4.2104938e+00   1.9833333e+00
   2.0086707e+03   1.5299993e-01   3.7304012e+00   1.8543210e+00
   2.0087445e+03   1.7049685e-01   4.4246914e+00   2.1040123e+00
   2.0088182e+03   1.4172074e-01   4.1410494e+00   1.9523148e+00
   2.0088920e+03   9.3898714e-02   3.7552469e+00   1.6879630e+00
   2.0089658e+03   1.6619898e-01   4.1796296e+00   1.9867284e+00
   2.0090397e+03   1.3914637e-01   4.3543210e+00   1.9040123e+00
   2.0091136e+03   1.4542956e-01   3.8453704e+00   1.7271605e+00
   2.0091876e+03   1.7414023e-01   4.1800926e+00   1.9390432e+00
   2.0092616e+03   1.6768251e-01   3.7662037e+00   1.9023148e+00
   2.0093356e+03   1.8151424e-01   3.5137346e+00   1.8064815e+00
   2.0094095e+03   1.3423764e-01   3.6029321e+00   1.5598765e+00
   2.0094835e+03   1.3205597e-01   4.0850309e+00   1.6094136e+00
   2.0095575e+03   1.1741703e-01   3.9938272e+00   1.7308642e+00
   2.0096314e+03   1.8980456e-01   4.0720679e+00   1.9618827e+00
   2.0097054e+03   1.4658584e-01   3.6016975e+00   1.6524691e+00
   2.0097794e+03   1.2581642e-01   3.9410494e+00   1.4648148e+00
   2.0098534e+03   1.5273813e-01   4.0030864e+00   1.8325617e+00
   2.0099273e+03   1.3670291e-01   3.8804012e+00   1.6891975e+00
   2.0100013e+03   1.4811300e-01   4.0334877e+00   1.6537037e+00
   2.0100753e+03   2.7399488e-01   4.7475309e+00   2.5733025e+00
   2.0101493e+03   2.2492931e-01   5.5009259e+00   2.3427469e+00
   2.0102232e+03   2.2532201e-01   4.9152778e+00   2.3981481e+00
   2.0102972e+03   2.0267636e-01   4.9115741e+00   2.2674383e+00
   2.0103712e+03   1.6888242e-01   4.6479938e+00   2.1871914e+00
   2.0104451e+03   1.9032815e-01   4.7986111e+00   2.2186728e+00
   2.0105191e+03   1.7263488e-01   4.1824074e+00   2.0266975e+00
   2.0105931e+03   1.9672042e-01   4.7496914e+00   2.0322531e+00
   2.0106671e+03   1.4446963e-01   4.0702160e+00   1.8367284e+00
   2.0107410e+03   1.5182183e-01   4.5365741e+00   1.9229938e+00
   2.0108150e+03   2.2935808e-01   4.8614198e+00   2.4040123e+00
   2.0108890e+03   2.3369959e-01   4.7878086e+00   2.5370370e+00
   2.0109630e+03   1.9338248e-01   4.4469136e+00   2.0820988e+00
   2.0110369e+03   2.3134339e-01   4.4135802e+00   2.4239198e+00
   2.0111109e+03   2.2506021e-01   5.2277778e+00   2.4379630e+00
   2.0111849e+03   1.8871373e-01   5.3439815e+00   2.0932099e+00
   2.0112588e+03   2.4598234e-01   5.7496914e+00   2.7192901e+00
   2.0113328e+03   2.2150410e-01   4.8344136e+00   2.4126543e+00
   2.0114068e+03   3.0475630e-01   5.8895062e+00   3.1368827e+00
   2.0114808e+03   2.5577800e-01   5.4381173e+00   2.5645062e+00
   2.0115547e+03   2.5078200e-01   5.0672840e+00   2.6777778e+00
   2.0116287e+03   2.3455043e-01   4.8864198e+00   2.4643519e+00
   2.0117027e+03   2.2396938e-01   5.5533951e+00   2.4904321e+00
   2.0117767e+03   2.6936975e-01   5.3216049e+00   2.6637346e+00
   2.0118506e+03   2.3060163e-01   5.6844136e+00   2.5216049e+00
   2.0119246e+03   2.0575250e-01   4.9109568e+00   2.2412037e+00
   2.0119986e+03   2.1570088e-01   5.1234568e+00   2.1862654e+00
   2.0120723e+03   1.7859082e-01   5.7483025e+00   2.3583333e+00
   2.0121461e+03   2.4281893e-01   5.9458333e+00   2.6521605e+00
   2.0122199e+03   2.2944535e-01   6.0711420e+00   2.6532407e+00
   2.0122937e+03   2.1834069e-01   5.6174383e+00   2.3506173e+00
   2.0123674e+03   2.1269019e-01   5.5220679e+00   2.4112654e+00
   2.0124412e+03   2.8101983e-01   6.4339506e+00   2.9240741e+00
   2.0125150e+03   3.0772336e-01   6.7759259e+00   3.0197531e+00
   2.0125887e+03   2.2396938e-01   5.5358025e+00   2.4347222e+00
   2.0126625e+03   2.2778728e-01   5.5834877e+00   2.4853395e+00
   2.0127363e+03   2.0309088e-01   5.5682099e+00   2.2058642e+00
   2.0128101e+03   2.1109757e-01   5.2402778e+00   2.4115741e+00
   2.0128838e+03   2.0686515e-01   5.5473765e+00   2.2277778e+00
   2.0129576e+03   1.7575466e-01   4.8467593e+00   2.0010802e+00
   2.0130314e+03   1.8764471e-01   4.7489198e+00   2.1751543e+00
   2.0131054e+03   1.8971729e-01   5.1398148e+00   2.1271605e+00
   2.0131794e+03   2.4772767e-01   5.2205247e+00   2.5402778e+00
   2.0132534e+03   2.3014348e-01   5.2325617e+00   2.4496914e+00
   2.0133273e+03   1.6547903e-01   5.0760802e+00   2.2595679e+00
   2.0134013e+03   2.7364581e-01   5.9186728e+00   2.7188272e+00
   2.0134753e+03   1.8908461e-01   5.5334877e+00   2.3157407e+00
   2.0135493e+03   2.2756912e-01   6.1563272e+00   2.4027778e+00
   2.0136232e+03   2.0682152e-01   4.9790123e+00   2.4566358e+00
   2.0136972e+03   1.7823088e-01   4.6903785e+00   2.1492114e+00
   2.0137712e+03   1.6679116e-01   4.1789984e+00   1.9697900e+00
   2.0138451e+03   2.5935593e-01   5.4050926e+00   2.5703704e+00
   2.0139191e+03   2.1312652e-01   5.1007716e+00   2.3341049e+00
   2.0139931e+03   2.0930861e-01   4.9035494e+00   2.2492284e+00
   2.0140671e+03   2.4977843e-01   5.3529321e+00   2.6455247e+00
   2.0141410e+03   2.6498461e-01   6.4780864e+00   2.7543210e+00
   2.0142150e+03   2.2069688e-01   4.8033951e+00   2.3714506e+00
   2.0142890e+03   2.5907231e-01   5.8154321e+00   2.8631173e+00
   2.0143630e+03   2.4246987e-01   5.4694444e+00   2.3043210e+00
   2.0144369e+03   2.4748769e-01   5.6220679e+00   2.4469136e+00
   2.0145109e+03   1.7582011e-01   4.9265432e+00   1.9881173e+00
   2.0145849e+03   1.8597533e-01   5.1615506e+00   2.1998418e+00
   2.0146588e+03   2.7244372e-01   6.5558502e+00   2.6684867e+00
   2.0147328e+03   3.0033525e-01   7.1340836e+00   3.1194534e+00
   2.0148068e+03   3.4657876e-01   6.6748457e+00   3.5054012e+00
   2.0148808e+03   4.3903757e-01   7.5554012e+00   4.0526235e+00
   2.0149547e+03   4.0487275e-01   7.8597222e+00   3.9683642e+00
   2.0150287e+03   3.3344515e-01   7.5223765e+00   3.6699074e+00
   2.0151027e+03   3.7260598e-01   6.8563272e+00   3.7600309e+00
   2.0151767e+03   3.7158060e-01   7.1742284e+00   3.5199074e+00
   2.0152506e+03   3.2434762e-01   7.0989198e+00   3.2381173e+00
   2.0153246e+03   3.7989273e-01   6.4191358e+00   3.5274691e+00
   2.0153986e+03   2.6121034e-01   5.9638889e+00   2.8791667e+00
   2.0154725e+03   2.9997847e-01   6.3291667e+00   3.0288580e+00
   2.0155465e+03   2.9805860e-01   6.0770062e+00   3.1445988e+00
   2.0156205e+03   2.6766806e-01   6.7790123e+00   3.1521605e+00
   2.0156945e+03   3.8881572e-01   7.3445988e+00   3.6941358e+00
   2.0157684e+03   2.7700557e-01   5.9941358e+00   2.9629630e+00
   2.0158424e+03   3.4905179e-01   6.6570300e+00   3.4816746e+00
   2.0159164e+03   2.6306475e-01   6.1311728e+00   3.0901235e+00
   2.0159904e+03   3.2820917e-01   7.0586420e+00   3.2202160e+00
   2.0160642e+03   3.0461552e-01   6.8026275e+00   3.2193199e+00
   2.0161379e+03   2.3639878e-01   6.6336940e+00   2.7599691e+00
   2.0162117e+03   3.1489933e-01   6.4039002e+00   3.1361934e+00
   2.0162855e+03   3.1263891e-01   6.4587156e+00   3.2339450e+00
   2.0163592e+03   2.5992903e-01   6.1209936e+00   3.1113782e+00
   2.0164330e+03   2.3797564e-01   5.7020062e+00   2.8992284e+00
   2.0165068e+03   2.3699390e-01   5.4631173e+00   2.7253086e+00
   2.0165805e+03   3.1980977e-01   6.1697531e+00   3.1915123e+00
   2.0166543e+03   2.6507188e-01   5.7870370e+00   2.9990741e+00
   2.0167281e+03   2.4639686e-01   6.0401235e+00   2.8828704e+00
   2.0168019e+03   2.5811238e-01   6.2021605e+00   2.8212963e+00
   2.0168756e+03   2.1738076e-01   5.5523148e+00   2.6648148e+00
   2.0169494e+03   2.3167064e-01   5.2868827e+00   2.6631173e+00
   2.0170232e+03   2.3103796e-01   4.8978395e+00   2.4898148e+00
   2.0170972e+03   2.6603181e-01   5.0182099e+00   2.7569444e+00
   2.0171712e+03   2.6121034e-01   5.0307099e+00   2.7171296e+00
   2.0172451e+03   2.4692046e-01   5.2790123e+00   2.6640432e+00
   2.0173191e+03   2.8019079e-01   5.3061728e+00   2.8061728e+00
   2.0173931e+03   2.7104963e-01   5.8850309e+00   2.8635802e+00
   2.0174671e+03   2.5948683e-01   5.3561728e+00   2.7439815e+00
   2.0175410e+03   2.6457010e-01   5.3006173e+00   2.7410494e+00
   2.0176150e+03   2.6736262e-01   5.4194444e+00   2.8959877e+00
   2.0176890e+03   2.8452700e-01   5.5292835e+00   2.8503115e+00
   2.0177630e+03   1.9905480e-01   5.0234568e+00   2.5334877e+00
   2.0178369e+03   2.0219639e-01   5.1013889e+00   2.5154321e+00
   2.0179109e+03   1.7348573e-01   5.0555556e+00   2.1973765e+00
   2.0179849e+03   2.1921335e-01   4.8729938e+00   2.5754630e+00
   2.0180588e+03   1.5306538e-01   4.7762346e+00   2.2660494e+00
   2.0181328e+03   2.3090706e-01   4.8634259e+00   2.5368827e+00
   2.0182068e+03   2.7721334e-01   5.0600946e+00   2.5334385e+00
   2.0182808e+03   2.1923517e-01   4.4796296e+00   2.4118827e+00
   2.0183535e+03   2.5725120e-01   4.7964800e+00   2.5067200e+00
   2.0184287e+03   1.8908461e-01   4.2973765e+00   1.8935185e+00
   2.0185027e+03   2.0686515e-01   4.7236111e+00   2.5125000e+00
   2.0185767e+03   2.3636466e-01   4.8223256e+00   2.4367442e+00
   2.0186506e+03   2.4796765e-01   4.8646605e+00   2.5404321e+00
   2.0187246e+03   2.5346399e-01   4.6748815e+00   2.4793049e+00
   2.0187986e+03   1.5283483e-01   4.1675969e+00   1.9396899e+00
   2.0188725e+03   1.8432604e-01   4.2868800e+00   2.1017600e+00
   2.0189465e+03   2.1507343e-01   3.8868333e+00   2.3870000e+00
