 latitude = 
  -90.,  -89.,  -88.,  -87.,  -86.,  -85.,  -84.,  -83.,  -82.,  -81.,  -80.,  -79.,
  -78.,  -77.,  -76.,  -75.,  -74.,  -73.,  -72.,  -71.,  -70.,  -69.,  -68.,  -67.,
  -66.,  -65.,  -64.,  -63.,  -62.,  -61.,  -60.,  -59.,  -58.,  -57.,  -56.,  -55.,
  -54.,  -53.,  -52.,  -51.,  -50.,  -49.,  -48.,  -47.,  -46.,  -45.,  -44.,  -43.,
  -42.,  -41.,  -40.,  -39.,  -38.,  -37.,  -36.,  -35.,  -34.,  -33.,  -32.,  -31.,
  -30.,  -29.,  -28.,  -27.,  -26.,  -25.,  -24.,  -23.,  -22.,  -21.,  -20.,  -19.,
  -18.,  -17.,  -16.,  -15.,  -14.,  -13.,  -12.,  -11.,  -10.,   -9.,   -8.,   -7.,
   -6.,   -5.,   -4.,   -3.,   -2.,   -1.,    0.,    1.,    2.,    3.,    4.,    5.,
    6.,    7.,    8.,    9.,   10.,   11.,   12.,   13.,   14.,   15.,   16.,   17.,
   18.,   19.,   20.,   21.,   22.,   23.,   24.,   25.,   26.,   27.,   28.,   29.,
   30.,   31.,   32.,   33.,   34.,   35.,   36.,   37.,   38.,   39.,   40.,   41.,
   42.,   43.,   44.,   45.,   46.,   47.,   48.,   49.,   50.,   51.,   52.,   53.,
   54.,   55.,   56.,   57.,   58.,   59.,   60.,   61.,   62.,   63.,   64.,   65.,
   66.,   67.,   68.,   69.,   70.,   71.,   72.,   73.,   74.,   75.,   76.,   77.,
   78.,   79.,   80.,   81.,   82.,   83.,   84.,   85.,   86.,   87.,   88.,   89.,
   90. ;
 longitude  = 
 -178.5, -177.0, -175.5, -174.0, -172.5, -171.0, -169.5, -168.0, -166.5, -165.0, -163.5, -162.0,
 -160.5, -159.0, -157.5, -156.0, -154.5, -153.0, -151.5, -150.0, -148.5, -147.0, -145.5, -144.0,
 -142.5, -141.0, -139.5, -138.0, -136.5, -135.0, -133.5, -132.0, -130.5, -129.0, -127.5, -126.0,
 -124.5, -123.0, -121.5, -120.0, -118.5, -117.0, -115.5, -114.0, -112.5, -111.0, -109.5, -108.0,
 -106.5, -105.0, -103.5, -102.0, -100.5,  -99.0,  -97.5,  -96.0,  -94.5,  -93.0,  -91.5,  -90.0,
  -88.5,  -87.0,  -85.5,  -84.0,  -82.5,  -81.0,  -79.5,  -78.0,  -76.5,  -75.0,  -73.5,  -72.0,
  -70.5,  -69.0,  -67.5,  -66.0,  -64.5,  -63.0,  -61.5,  -60.0,  -58.5,  -57.0,  -55.5,  -54.0,
  -52.5,  -51.0,  -49.5,  -48.0,  -46.5,  -45.0,  -43.5,  -42.0,  -40.5,  -39.0,  -37.5,  -36.0,
  -34.5,  -33.0,  -31.5,  -30.0,  -28.5,  -27.0,  -25.5,  -24.0,  -22.5,  -21.0,  -19.5,  -18.0,
  -16.5,  -15.0,  -13.5,  -12.0,  -10.5,   -9.0,   -7.5,   -6.0,   -4.5,   -3.0,   -1.5,    0.0,
    1.5,    3.0,    4.5,    6.0,    7.5,    9.0,   10.5,   12.0,   13.5,   15.0,   16.5,   18.0,
   19.5,   21.0,   22.5,   24.0,   25.5,   27.0,   28.5,   30.0,   31.5,   33.0,   34.5,   36.0,
   37.5,   39.0,   40.5,   42.0,   43.5,   45.0,   46.5,   48.0,   49.5,   51.0,   52.5,   54.0,
   55.5,   57.0,   58.5,   60.0,   61.5,   63.0,   64.5,   66.0,   67.5,   69.0,   70.5,   72.0,
   73.5,   75.0,   76.5,   78.0,   79.5,   81.0,   82.5,   84.0,   85.5,   87.0,   88.5,   90.0,
   91.5,   93.0,   94.5,   96.0,   97.5,   99.0,  100.5,  102.0,  103.5,  105.0,  106.5,  108.0,
  109.5,  111.0,  112.5,  114.0,  115.5,  117.0,  118.5,  120.0,  121.5,  123.0,  124.5,  126.0,
  127.5,  129.0,  130.5,  132.0,  133.5,  135.0,  136.5,  138.0,  139.5,  141.0,  142.5,  144.0,
  145.5,  147.0,  148.5,  150.0,  151.5,  153.0,  154.5,  156.0,  157.5,  159.0,  160.5,  162.0,
  163.5,  165.0,  166.5,  168.0,  169.5,  171.0,  172.5,  174.0,  175.5,  177.0,  178.5,
  180.0 ;
